0	1000	1000	1000	1000	1000	1200	1200	1200	1200	200	1200	1200	200	1200	1200	1400	1800	1800	1550	2850	600																					
1	2000	2000	2000	2000	2000	2400	2400	2400	2400	400	2400	2400	400	2400	2400	2800	3600	3600	3100	5700	1200																					
3	4000	4000	4000	4000	4000	4800	4800	4800	4800	800	4800	4800	800	4800	7200	7200	6200	11400	2400	8550	1800																					
4	5000	5000	5000	5000	5000	6000	6000	6000	6000	1000	6000	6000	1000	6000	1000	8400	7200	7200	6200	11400	2400																					
6	7000	7000	7000	7000	7000	8400	8400	8400	8400	1400	8521.86	8478.65	1406.27	8433.23	7200	9800	12600	12600	11258.2	17100	4361.77																					
7	8084.62	8083.61	7000	7000	8069.83	8400	9742.01	9807.13	9834.71	1609.04	8521.86	9933.28	1626.56	9740.81	7200	11332.7	14627.3	12600	13368.8	17100	4361.77																					
8	8084.62	9285.42	7000	7000	9238.37	8400	11577.4	9807.13	9834.71	1849.5	8521.86	9933.28	1893.03	11293.2	7200	12865.4	16654.6	12600	15479.4	17100	4361.77																					
9	8084.62	9285.42	7000	7000	10647.3	8400	11577.4	9807.13	9834.71	2603.87	8521.86	9933.28	2159.51	12845.5	7200	14398.1	18681.9	12600	15479.4	17100	4361.77																					
10	8084.62	9285.42	7000	7000	12056.2	8400	11577.4	9807.13	9834.71	3358.23	8521.86	9933.28	2159.51	14451.1	7200	16336.3	18681.9	12600	15479.4	17100	4361.77																					
11	8084.62	9285.42	7000	7000	13465.1	8400	11577.4	9807.13	9834.71	4112.59	8521.86	9933.28	2159.51	16056.8	7200	18274.5	18681.9	12600	15479.4	17100	4361.77																					
14	8084.62	9285.42	7000	7000	17691.8	8400	11577.4	9807.13	9834.71	6375.68	8521.86	9933.28	2159.51	16056.8	7200	24089	18681.9	12600	15479.4	17100	4361.77																					
15	8084.62	9285.42	7000	7000	19100.7	8400	11577.4	9807.13	9834.71	7130.04	8521.86	9933.28	2159.51	16056.8	7200	26027.2	18681.9	12600	15479.4	17100	4361.77																					
16	8084.62	9285.42	7000	7000	20509.6	8400	11577.4	9807.13	9834.71	7884.4	8521.86	9933.28	2159.51	16056.8	7200	27965.3	18681.9	12600	15479.4	17100	4361.77																					
17	8084.62	9285.42	7000	7000	21918.5	8400	11577.4	9807.13	9834.71	8638.76	8521.86	9933.28	2159.51	16056.8	7200	27965.3	18681.9	12600	15479.4	17100	4361.77																					
18	8084.62	9285.42	7000	7000	21918.5	8400	11577.4	9807.13	9834.71	9393.13	8521.86	9933.28	2159.51	16056.8	7200	27965.3	18681.9	12600	15479.4	17100	4361.77																					
19	8084.62	9285.42	7000	7000	21918.5	8400	11577.4	9807.13	9834.71	10147.5	8521.86	9933.28	2159.51	16056.8	7200	27965.3	18681.9	12600	15479.4	17100	4361.77																					
20	8084.62	9285.42	7000	7000	21918.5	8400	11577.4	9807.13	9834.71	10901.9	8521.86	9933.28	2159.51	16056.8	7200	27965.3	18681.9	12600	15479.4	17100	4361.77																					
21	8084.62	9285.42	7000	7000	21918.5	8400	11577.4	9807.13	9834.71	11656.2	8521.86	9933.28	2159.51	16056.8	7200	27965.3	18681.9	12600	15479.4	17100	4361.77																					
22	8084.62	9285.42	7000	7000	21918.5	8400	11577.4	9807.13	9834.71	12410.6	8521.86	9933.28	2159.51	16056.8	7200	27965.3	18681.9	12600	15479.4	17100	4361.77																					
23	8084.62	9285.42	7000	7000	21918.5	8400	11577.4	9807.13	9834.71	13164.9	8521.86	9933.28	2159.51	16056.8	7200	27965.3	18681.9	12600	15479.4	17100	4361.77																					
24	8084.62	9285.42	7000	7000	21918.5	8400	11577.4	9807.13	9834.71	13919.3	8521.86	9933.28	2159.51	16056.8	7200	27965.3	18681.9	12600	15479.4	17100	4361.77																					
25	8084.62	9285.42	7000	7000	21918.5	8400	11577.4	9807.13	9834.71	14673.7	8521.86	9933.28	2159.51	16056.8	7200	27965.3	18681.9	12600	15479.4	17100	4361.77																					
26	8084.62	9285.42	7000	7000	21918.5	8400	11577.4	9807.13	9834.71	15428	8521.86	9933.28	2159.51	16056.8	7200	27965.3	18681.9	12600	15479.4	17100	4361.77																					
27	8084.62	9285.42	7000	7000	21918.5	8400	11577.4	9807.13	9834.71	16182.4	8521.86	9933.28	2159.51	16056.8	7200	27965.3	18681.9	12600	15479.4	17100	4361.77																					
28	8084.62	9285.42	7000	7000	21918.5	8400	11577.4	9807.13	9834.71	16936.7	8521.86	9933.28	2159.51	16056.8	7200	27965.3	18681.9	12600	15479.4	17100	4361.77																					
29	8084.62	9285.42	7000	7000	21918.5	8400	11577.4	9807.13	9834.71	17691.1	8521.86	9933.28	2159.51	16056.8	7200	27965.3	18681.9	12600	15479.4	17100	4361.77																					
30	8084.62	9285.42	7000	7000	21918.5	8400	11577.4	9807.13	9834.71	18445.5	8521.86	9933.28	2159.51	16056.8	7200	27965.3	18681.9	12600	15479.4	17100	4361.77																					
31	8084.62	9285.42	7000	7000	21918.5	8400	11577.4	9807.13	9834.71	19199.8	8521.86	9933.28	2159.51	16056.8	7200	27965.3	18681.9	12600	15479.4	17100	4361.77																					
32	8084.62	9285.42	7000	7000	21918.5	8400	11577.4	9807.13	9834.71	19954.2	8521.86	9933.28	2159.51	16056.8	7200	27965.3	18681.9	12600	15479.4	17100	4361.77																					
33	8084.62	9285.42	7000	7000	21918.5	8400	11577.4	9807.13	9834.71	20708.6	8521.86	9933.28	2159.51	16056.8	7200	27965.3	18681.9	12600	15479.4	17100	4361.77																					
34	8084.62	9285.42	7000	7000	21918.5	8400	11577.4	9807.13	9834.71	21462.9	8521.86	9933.28	2159.51	16056.8	7200	27965.3	18681.9	12600	15479.4	17100	4361.77																					
35	8084.62	9285.42	7000	7000	21918.5	8400	11577.4	9807.13	9834.71	22217.3	8521.86	9933.28	2159.51	16056.8	7200	27965.3	18681.9	12600	15479.4	17100	4361.77																					
36	8084.62	9285.42	7000	7000	21918.5	8400	11577.4	9807.13	9834.71	22971.6	8521.86	9933.28	2159.51	16056.8	7200	27965.3	18681.9	12600	15479.4	17100	4361.77																					
37	8084.62	9285.42	7000	7000	21918.5	8400	11577.4	9807.13	9834.71	23726	8521.86	9933.28	2159.51	16056.8	7200	27965.3	18681.9	12600	15479.4	17100	4361.77																					
38	8084.62	9285.42	7000	7000	21918.5	8400	11577.4	9807.13	9834.71	24480.4	8521.86	9933.28	2159.51	16056.8	7200	27965.3	18681.9	12600	15479.4	17100	4361.77																					
39	8084.62	9285.42	7000	7000	21918.5	8400	11577.4	9807.13	9834.71	25234.7	8521.86	9933.28	2159.51	16056.8	7200	27965.3	18681.9	12600	15479.4	17100	4361.77																					
40	8084.62	9285.42	7000	7000	21918.5	8400	11577.4	9807.13	9834.71	25989.1	8521.86	9933.28	2159.51	16056.8	7200	27965.3	18681.9	12600	15479.4	17100	4361.77																					
41	8084.62	9285.42	7000	7000	21918.5	8400	11577.4	9807.13	9834.71	26743.5	8521.86	9933.28	2159.51	16056.8	7200	27965.3	18681.9	12600	15479.4	17100	4361.77																					
42	8084.62	9285.42	7000	7000	21918.5	8400	11577.4	9807.13	9834.71	27497.8	8521.86	9933.28	2159.51	16056.8	7200	27965.3	18681.9	12600	15479.4	17100	4361.77																					
43	8084.62	9285.42	7000	7000	21918.5	8400	11577.4	9807.13	9834.71	28252.2	8521.86	9933.28	2159.51	16056.8	7200	27965.3	18681.9	12600	15479.4	17100	4361.77																					
44	8084.62	9285.42	7000	7000	21918.5	8400	11577.4	9807.13	9834.71	29006.5	8521.86	9933.28	2159.51	16056.8	7200	27965.3	18681.9	12600	15479.4	17100	4361.77																					
45	8084.62	9285.42	7000	7000	21918.5	8400	11577.4	9807.13	9834.71	29760.9	8521.86	9933.28	2159.51	16056.8	7200	27965.3	18681.9	12600	15479.4	17100	4361.77																					
46	8084.62	9285.42	7000	7000	21918.5	8400	11577.4	9807.13	9834.71	30515.3	8521.86	9933.28	2159.51	16056.8	7200	27965.3	18681.9	12600	15479.4	17100	4361.77																					
47	8084.62	9285.42	7000	7000	21918.5	8400	11577.4	9807.13	9834.71	31269.6	8521.86	9933.28	2159.51	16056.8	7200	27965.3	18681.9	12600	15479.4	17100	4361.77																					
48	8084.62	9285.42	7000	7000	21918.5	8400	11577.4	9807.13	9834.71	32024	8521.86	9933.28	2159.51	16056.8	7200	27965.3	18681.9	12600	15479.4	17100	4361.77																					
49	8084.62	9285.42	7000	7000	21918.5	8400	11577.4	9807.13	9834.71	32778.4	8521.86	9933.28	2159.51	16056.8	7200	27965.3	18681.9	12600	15479.4	17100	4361.77																					
50	8084.62	9285.42	7000	7000	21918.5	8400	11577.4	9807.13	9834.71	33532.7	8521.86	9933.28	2159.51	16056.8	7200	27965.3	18681.9	12600	15479.4	17100	4361.77																					
51	8084.62	9285.42	7000	7000	21918.5	8400	11577.4	9807.13	9834.71	34287.1	8521.86	9933.28	2159.51	16056.8	7200	27965.3	18681.9	12600	15479.4	17100	4361.77																					
52	8084.62	9285.42	7000	7000	21918.5	8400	11577.4	9807.13	9834.71	35041.4	8521.86	9933.28	2159.51	16056.8	7200	27965.3	18681.9	12600	15479.4	17100	4361.77																					
53	8084.62	9285.42	7000	7000	21918.5	8400	11577.4	9807.13	9834.71	35795.8	8521.86	9933.28	2159.51	16056.8	7200	27965.3	18681.9	12600	15479.4	17100	4361.77																					
54	8084.62	9285.42	7000	7000	21918.5	8400	11577.4	9807.13	9834.71	36550.2	8521.86	9933.28	2159.51	16056.8	7200	27965.3	18681.9	12600	15479.4	17100	4361.77																					
55	8084.62	9285.42	7000	7000	21918.5	8400	11577.4	9807.13	9834.71	37304.5	8521.86	9933.28	2159.51	16056.8	7200	27965.3	18681.9	12600	15479.4	17100	4361.77																					
56	8084.62	9285.42	7000	7000	21918.5	8400	11577.4	9807.13	9834.71	38058.9	8521.86	9933.28	2159.51	16056.8	7200	27965.3	18681.9	12600	15479.4	17100	4361.77																					
57	8084.62	9285.42	7000	7000	21918.5	8400	11577.4	9807.13	9834.71	38813.3	8521.86	9933.28	2159.51	16056.8	7200	27965.3	18681.9	12600	15479.4	17100	4361.77																					
58	8084.62	9285.42	7000	7000	21918.5	8400	11577.4	9807.13	9834.71	39567.6	8521.86	9933.28	2159.51	16056.8	7200	27965.3	18681.9	12600	15479.4	17100	4361.77																					
59	8084.62	9285.42	7000	7000	21918.5	8400	11577.4	9807.13	9834.71	40322	8521.86	9933.28	2159.51	16056.8	7200	27965.3	18681.9	12600	15479.4	17100	4361.77																					
60	8084.62	9285.42	7000	7000	21918.5	8400	11577.4	9807.13	9834.71	41076.3	8521.86	9933.28	2159.51	16056.8	7200	27965.3	18681.9	12600	15479.4	17100	4361.77																					
61	8084.62	9285.42	7000	7000	21918.5	8400	11577.4	9807.13	9834.71	41830.7	8521.86	9933.28	2159.51	16056.8	7200	27965.3	18681.9	12600	15479.4	17100	4361.77																					
62	8084.62	9285.42	7000	7000	21918.5	8400	11577.4	9807.13	9834.71	42585.1	8521.86	9933.28	2159.51	16056.8	7200	27965.3	18681.9	12600	15479.4	17100	4361.77																					
63	8084.62	9285.42	7000	7000	21918.5	8400	11577.4	9807.13	9834.71	43339.4	8521.86	9933.28	2159.51	16056.8	7200	27965.3	18681.9	12600	15479.4	17100	4361.77																					
64	8084.62	9285.42	7000	7000	21918.5	8400	11577.4	9807.13	9834.71	44093.8	8521.86	9933.28	2159.51	16056.8	7200	27965.3	18681.9	12600	15479.4	17100	4361.77																					
65	8084.62	9285.42	7000	7000	21918.5	8400	11577.4	9807.13	9834.71	44848.2	8521.86	9933.28	2159.51	16056.8	7200	27965.3	18681.9	12600	15479.4	17100	4361.77																					
66	8084.62	9285.42	7000	7000	21918.5	8400	11577.4	9807.13	9834.71	45602.5	8521.86	9933.28	2159.51	16056.8	7200	27965.3	18681.9	12600	15479.4	17100	4361.77																					
67	8084.62	9285.42	7000	7000	21918.5	8400	11577.4	9807.13	9834.71	46356.9	8521.86	9933.28	2159.51	16056.8	7200	27965.3	18681.9	12600	15479.4	17100	4361.77																					
68	8084.62	9285.42	7000	7000	21918.5	8400	11577.4	9807.13	9834.71	47111.2	8521.86	9933.28	2159.51	16056.8	7200	27965.3	18681.9	12600	15479.4	17100	4361.77																					
69	8084.62	9285.42	7000	7000	21918.5	8400	11577.4	9807.13	9834.71	47865.6	8521.86	9933.28	2159.51	16056.8	7200	27965.3	18681.9	12600	15479.4	17100	4361.77																					
70	8084.62	9285.42	7000	7000	21918.5	8400	11577.4	9807.13	9834.71	48620	8521.86	9933.28	2159.51	16056.8	7200	27965.3	18681.9	12600	15479.4	17100	4361.77																					
71	8084.62	9285.42	7000	7000	21918.5	8400	11577.4	9807.13	9834.71	49374.3	8521.86	9933.28	2159.51	16056.8	7200	27965.3	18681.9	12600	15479.4	17100	4361.77																					
72	8084.62	9285.42	7000	7000	21918.5	8400	11577.4	9807.13	9834.71	50128.7	8521.86	9933.28	2159.51	16056.8	7200	27965.3	18681.9	12600	15479.4	17100	4361.77																					
73	8084.62	9285.42	7000	7000	21918.5	8400	11577.4	9807.13	9834.71	50883.1	8521.86	9933.28	2159.51	16056.8	7200	27965.3	18681.9	12600	15479.4	17100	4361.77																					
74	8084.62	9285.42	7000	7000	21918.5	8400	11577.4	9807.13	9834.71	51637.4	8521.86	9933.28	2159.51	16056.8	7200	27965.3	18681.9	12600	15479.4	17100	4361.77																					
75	8084.62	9285.42	7000	7000	21918.5	8400	11577.4	9807.13	9834.71	52391.8	8521.86	9933.28	2159.51	16056.8	7200	27965.3	18681.9	12600	15479.4	17100	4361.77																					
76	8084.62	9285.42	7000	7000	21918.5	8400	11577.4	9807.13	9834.71	53146.1	8521.86	9933.28	2159.51	16056.8	7200	27965.3	18681.9	12600	15479.4	17100	4361.77																					
77	8084.62	9285.42	7000	7000	21918.5	8400	11577.4	9807.13	9834.71	53900.5	8521.86	9933.28	2159.51	16056.8	7200	27965.3	18681.9	12600	15479.4	17100	4361.77																					
78	8084.62	9285.42	7000	7000	21918.5	8400	11577.4	9807.13	9834.71	54654.9	8521.86	9933.28	2159.51	16056.8	7200	27965.3	18681.9	12600	15479.4	17100	4361.77																					
79	8084.62	9285.42	7000	7000	21918.5	8400	11577.4	9807.13	9834.71	55409.2	8521.86	9933.28	2159.51	16056.8	7200	27965.3	18681.9	12600	15479.4	17100	4361.77																					
80	8084.62	9285.42	7000	7000	21918.5	8400	11577.4	9807.13	9834.71	56163.6	8521.86	9933.28	2159.51	16056.8	7200	27965.3	18681.9	12600	15479.4	17100	4361.77																					
81	8084.62	9285.42	7000	7000	21918.5	8400	11577.4	9807.13	9834.71	56917.9	8521.86	9933.28	2159.51	16056.8	7200	27965.3	18681.9	12600	15479.4	17100	4361.77																					
82	8084.62	9285.42	7000	7000	21918.5	8400	11577.4	9807.13	9834.71	57672.3	8521.86	9933.28	2159.51	16056.8	7200	27965.3	18681.9	12600	15479.4	17100	4361.77																					
83	8084.62	9285.42	7000	7000	21918.5	8400	11577.4	9807.13	9834.71	58426.7	8521.86	9933.28	2159.51	16056.8	7200	27965.3	18681.9	12600	15479.4	17100	4361.77																					
84	8084.62	9285.42	7000	7000	21918.5	8400	11577.4	9807.13	9834.71	59181	8521.86	9933.28	2159.51	16056.8	7200	27965.3	18681.9	12600	15479.4	17100	4361.77																					
85	8084.62	9285.42	7000	7000	21918.5	8400	11577.4	9807.13	9834.71	59935.4	8521.86	9933.28	2159.51	16056.8	7200	27965.3	18681.9	12600	15479.4	17100	4361.77																					
86	8084.62	9285.42	7000	7000	21918.5	8400	11577.4	9807.13	9834.71	60689.8	8521.86	9933.28	2159.51	16056.8	7200	27965.3	18681.9	12600	15479.4	17100	4361.77																					
87	8084.62	9285.42	7000	7000	21918.5	8400	11577.4	9807.13	9834.71	61444.1	8521.86	9933.28	2159.51	16056.8	7200	27965.3	18681.9	12600	15479.4	17100	4361.77																					
88	8084.62	9285.42	7000	7000	21918.5	8400	11577.4	9807.13	9834.71	62198.5	8521.86	9933.28	2159.51	16056.8	7200	27965.3	18681.9	12600	15479.4	17100	4361.77																					
89	8084.62	9285.42	7000	7000	21918.5	8400	11577.4	9807.13	9834.71	62952.8	8521.86	9933.28	2159.51	16056.8	7200	27965.3	18681.9	12600	15479.4	17100	4361.77																					
90	8084.62	9285.42	7000	7000	21918.5	8400	11577.4	9807.13	9834.71	63707.2	8521.86	9933.28	2159.51	16056.8	7200	27965.3	18681.9	12600	15479.4	17100	4361.77																					
91	8084.62	9285.42	7000	7000	21918.5	8400	11577.4	9807.13	9834.71	64461.6	8521.86	9933.28	2159.51	16056.8	7200	27965.3	18681.9	12600	15479.4	17100	4361.77																					
92	8084.62	9285.42	7000	7000	21918.5	8400	11577.4	9807.13	9834.71	65215.9	8521.86	9933.28	2159.51	16056.8	7200	27965.3	18681.9	12600	15479.4	17100	4361.77																					
93	8084.62	9285.42	7000	7000	21918.5	8400	11577.4	9807.13	9834.71	65970.3	8521.86	9933.28	2159.51	16056.8	7200	27965.3	18681.9	12600	15479.4	17100	4361.77																					
94	8084.62	9285.42	7000	7000	21918.5	8400	11577.4	9807.13	9834.71	66724.7	8521.86	9933.28	2159.51	16056.8	7200	27965.3	18681.9	12600	15479.4	17100	4361.77																					
95	8084.62	9285.42	7000	7000	21918.5	8400	11577.4	9807.13	9834.71	67479	8521.86	9933.28	2159.51	16056.8	7200	27965.3	18681.9	12600	15479.4	17100	4361.77																					
96	8084.62	9285.42	7000	7000	21918.5	8400	11577.4	9807.13	9834.71	68233.4	8521.86	9933.28	2159.51	16056.8	7200	27965.3	18681.9	12600	15479.4	17100	4361.77																					
97	8084.62	9285.42	7000	7000	21918.5	8400	11577.4	9807.13	9834.71	68987.7	8521.86	9933.28	2159.51	16056.8	7200	27965.3	18681.9	12600	15479.4	17100	4361.77																					
98	8084.62	9285.42	7000	7000	21918.5	8400	11577.4	9807.13	9834.71	69742.1	8521.86	9933.28	2159.51	16056.8	7200	27965.3	18681.9	12600	15479.4	17100	4361.77																					
99	8084.62	9285.42	7000	7000	21918.5	8400	11577.4	9807.13	9834.71	70496.5	8521.86	9933.28	2159.51	16056.8	7200	27965.3	18681.9	12600	15479.4	17100	4361.77																					
100	8084.62	9285.42	7000	7000	21918.5	8400	11577.4	9807.13	9834.71	71250.8	8521.86	9933.28	2159.51	16056.8	7200	27965.3	18681.9	12600	15479.4	17100	4361.77																					
101	8084.62	9285.42	7000	7000	21918.5	8400	11577.4	9807.13	9834.71	72005.2	8521.86	9933.28	2159.51	16056.8	7200	27965.3	18681.9	12600	15479.4	17100	4361.77																					
102	8084.62	9285.42	7000	7000	21918.5	8400	11577.4	9807.13	9834.71	72759.6	8521.86	9933.28	2159.51	16056.8	7200	27965.3	18681.9	12600	15479.4	17100	4361.77																					
103	8084.62	9285.42	7000	7000	21918.5	8400	11577.4	9807.13	9834.71	73513.9	8521.86	9933.28	2159.51	16056.8	7200	27965.3	18681.9	12600	15479.4	17100	4361.77																					
104	8084.62	9285.42	7000	7000	21918.5	8400	11577.4	9807.13	9834.71	74268.3	8521.86	9933.28	2159.51	16056.8	7200	27965.3	18681.9	12600	15479.4	17100	4361.77																					
105	8084.62	9285.42	7000	7000	21918.5	8400	11577.4	9807.13	9834.71	75022.6	8521.86	9933.28	2159.51	16056.8	7200	27965.3	18681.9	12600	15479.4	17100	4361.77																					
106	8084.62	9285.42	7000	7000	21918.5	8400	11577.4	9807.13	9834.71	75777	8521.86	9933.28	2159.51	16056.8	7200	27965.3	18681.9	12600	15479.4	17100	4361.77																					
107	8084.62	9285.42	7000	7000	21918.5	8400	11577.4	9807.13	9834.71	76531.4	8521.86	9933.28	2159.51	16056.8	7200	27965.3	18681.9	12600	15479.4	17100	4361.77																					
108	8084.62	9285.42	7000	7000	21918.5	8400	11577.4	9807.13	9834.71	77285.7	8521.86	9933.28	2159.51	16056.8	7200	27965.3	18681.9	12600	15479.4	17100	4361.77																					
109	8084.62	9285.42	7000	7000	21918.5	8400	11577.4	9807.13	9834.71	78040.1	8521.86	9933.28	2159.51	16056.8	7200	27965.3	18681.9	12600	15479.4	17100	4361.77																					
110	8084.62	9285.42	7000	7000	21918.5	8400	11577.4	9807.13	9834.71	78794.5	8521.86	9933.28	2159.51	16056.8	7200	27965.3	18681.9	12600	15479.4	17100	4361.77																					
111	8084.62	9285.42	7000	7000	21918.5	8400	11577.4	9807.13	9834.71	79548.8	8521.86	9933.28	2159.51	16056.8	7200	27965.3	18681.9	12600	15479.4	17100	4361.77																					
112	8084.62	9285.42	7000	7000	21918.5	8400	11577.4	9807.13	9834.71	80303.2	8521.86	9933.28	2159.51	16056.8	7200	27965.3	18681.9	12600	15479.4	17100	4361.77																					
113	8084.62	9285.42	7000	7000	21918.5	8400	11577.4	9807.13	9834.71	81057.5	8521.86	9933.28	2159.51	16056.8	7200	27965.3	18681.9	12600	15479.4	17100	4361.77																					
114	8084.62	9285.42	7000	7000	21918.5	8400	11577.4	9807.13	9834.71	81811.9	8521.86	9933.28	2159.51	16056.8	7200	27965.3	18681.9	12600	15479.4	17100	4361.77																					
115	8084.62	9285.42	7000	7000	21918.5	8400	11577.4	9807.13	9834.71	82566.3	8521.86	9933.28	2159.51	16056.8	7200	27965.3	18681.9	12600	15479.4	17100	4361.77																					
116	8084.62	9285.42	7000	7000	21918.5	8400	11577.4	9807.13	9834.71	83320.6	8521.86	9933.28	2159.51	16056.8	7200	27965.3	18681.9	12600	15479.4	17100	4361.77																					
117	8084.62	9285.42	7000	7000	21918.5	8400	11577.4	9807.13	9834.71	84075	8521.86	9933.28	2159.51	16056.8	7200	27965.3	18681.9	12600	15479.4	17100	4361.77																					
118	8084.62	9285.42	7000	7000	21918.5	8400	11577.4	9807.13	9834.71	84829.4	8521.86	9933.28	2159.51	16056.8	7200	27965.3	18681.9	12600	15479.4	17100	4361.77																					
119	8084.62	9285.42	7000	7000	21918.5	8400	11577.4	9807.13	9834.71	85583.7	8521.86	9933.28	2159.51	16056.8	7200	27965.3	18681.9	12600	15479.4	17100	4361.77																					
120	8084.62	9285.42	7000	7000	21918.5	8400	11577.4	9807.13	9834.71	86338.1	8521.86	9933.28	2159.51	16056.8	7200	27965.3	18681.9	12600	15479.4	17100	4361.77																					
121	8084.62	9285.42	7000	7000	21918.5	8400	11577.4	9807.13	9834.71	87092.4	8521.86	9933.28	2159.51	16056.8	7200	27965.3	18681.9	12600	15479.4	17100	4361.77																					
122	8084.62	9285.42	7000	7000	21918.5	8400	11577.4	9807.13	9834.71	87846.8	8521.86	9933.28	2159.51	16056.8	7200	27965.3	18681.9	12600	15479.4	17100	4361.77																					
123	8084.62	9285.42	7000	7000	21918.5	8400	11577.4	9807.13	9834.71	88601.2	8521.86	9933.28	2159.51	16056.8	7200	27965.3	18681.9	12600	15479.4	17100	4361.77																					
124	8084.62	9285.42	7000	7000	21918.5	8400	11577.4	9807.13	9834.71	89355.5	8521.86	9933.28	2159.51	16056.8	7200	27965.3	18681.9	12600	15479.4	17100	4361.77																					
125	8084.62	9285.42	7000	7000	21918.5	8400	11577.4	9807.13	9834.71	90109.9	8521.86	9933.28	2159.51	16056.8	7200	27965.3	18681.9	12600	15479.4	17100	4361.77																					
126	8084.62	9285.42	7000	7000	21918.5	8400	11577.4	9807.13	9834.71	90864.2	8521.86	9933.28	2159.51	16056.8	7200	27965.3	18681.9	12600	15479.4	17100	4361.77																					
127	8084.62	9285.42	7000	7000	21918.5	8400	11577.4	9807.13	9834.71	91618.6	8521.86	9933.28	2159.51	16056.8	7200	27965.3	18681.9	12600	15479.4	17100	4361.77																					
128	8084.62	9285.42	7000	7000	21918.5	8400	11577.4	9807.13	9834.71	92373	8521.86	9933.28	2159.51	16056.8	7200	27965.3	18681.9	12600	15479.4	17100	4361.77																					
129	8084.62	9285.42	7000	7000	21918.5	8400	11577.4	9807.13	9834.71	93127.3	8521.86	9933.28	2159.51	16056.8	7200	27965.3	18681.9	12600	15479.4	17100	4361.77																					
130	8084.62	9285.42	7000	7000	21918.5	8400	11577.4	9807.13	9834.71	93127.3	8521.86	9933.28	2159.51	16056.8	7200	27965.3	18681.9	12600	15479.4	17100	4361.77																					
																																										
																						3000	3000	3000	3000	3600	3600	3600	3600	600	3600	3600	600	3600	3600	4200	5400	5400	4650	8550	1800	
																																										
																																										
																																										
																																										
																																										
																																										
																																										
																																										
																																										
																						8084.62	9285.42	7000	7000	16282.9	8400	11577.4	9807.13	9834.71	5621.32	8521.86	9933.28	2159.51	16056.8	7200	22150.8	18681.9	12600	15479.4	17100	4361.77
																																										
																																										
																																										
																																										
																																										
																																										
																																										
																																										
																																										
																																										
																																										
																																										
																																										
																																										
																																										
																																										
																																										
																																										
																																										
																																										
																																										
																																										
																																										
																																										
																																										
																																										
																																										
																																										
																																										
																																										
																																										
																																										
																																										
																																										
																																										
																																										
																																										
																																										
																																										
																																										
																																										
																																										
																																										
																																										
																																										
																																										
																																										
																																										
																																										
																																										
																																										
																																										
																																										
																																										
																																										
																																										
																																										
																																										
																																										
																																										
																																										
																																										
																																										
																																										
																																										
																																										
																																										
																																										
																																										
																																										
																																										
																																										
																																										
																																										
																																										
																																										
																																										
																																										
																																										
																																										
																																										
																																										
																																										
																																										
																																										
																																										
																																										
																																										
																																										
																																										
																																										
																																										
																																										
																																										
																																										
																																										
																																										
																																										
																																										
																																										
																																										
																																										
																																										
																																										
																																										
																																										
																																										
																																										
																																										
																																										
																																										
																																										
																																										
																																										
																																										
																																										
																																										
																																										
																						3000	3000	3000	3000	3600	3600	3600	3600	600	3600	3600	600	3600	3600	4200	5400	5400	4650	8550	1800	
																																										
																																										
																																										
																																										
																																										
																																										
																																										
																																										
																																										
																						3000	3000	3000	3000	3600	3600	3600	3600	600	3600	3600	600	3600	3600	4200	5400	5400	4650	8550	1800	
																																										
																																										
																																										
																																										
																																										
																																										
																																										
																																										
																																										
																						8084.62	9285.42	7000	7000	16282.9	8400	11577.4	9807.13	9834.71	5621.32	8521.86	9933.28	2159.51	16056.8	7200	22150.8	18681.9	12600	15479.4	17100	4361.77
																																										
																																										
																																										
																																										
																																										
																																										
																																										
																																										
																																										
																																										
																																										
																																										
																																										
																																										
																																										
																																										
																																										
																																										
																																										
																																										
																																										
																																										
																																										
																																										
																																										
																																										
																																										
																																										
																																										
																																										
																																										
																																										
																																										
																																										
																																										
																																										
																																										
																																										
																						3000	3000	3000	3000	3600	3600	3600	3600	600	3600	3600	600	3600	3600	4200	5400	5400	4650	8550	1800	
																																										
																																										
																																										
																																										
																																										
																																										
																																										
																																										
																																										
																						8084.62	9285.42	7000	7000	16282.9	8400	11577.4	9807.13	9834.71	5621.32	8521.86	9933.28	2159.51	16056.8	7200	22150.8	18681.9	12600	15479.4	17100	4361.77
