0	5000	5000	5000	5000	5000
1	10000	10000	10000	10000	10000
2	15000	15000	15000	15000	15000
3	20000	20000	20000	20000	20000
4	25000	25000	25000	25000	25000
5	30000	30000	30000	30000	30000
6	35000	35000	34040	35000	32720
7	38238.1	39392.9	37022.5	38560	34830.6
8	40608.4	41468.7	38841.3	42120	36941.2
9	42017.3	42223.1	40660.1	45680	36941.2
10	43426.2	42977.4	42265.8	47618.2	36941.2
11	44835.1	43731.8	43871.4	49556.3	36941.2
12	46244	44486.2	43871.4	51494.5	36941.2
13	47653	45240.5	43871.4	53432.7	36941.2
14	49061.9	45994.9	43871.4	55370.8	36941.2
15	50470.8	46749.3	43871.4	57309	36941.2
16	51879.7	47503.6	43871.4	59247.2	36941.2
17	53288.6	48258	43871.4	59247.2	36941.2
18	53288.6	49012.3	43871.4	59247.2	36941.2
19	53288.6	49766.7	43871.4	59247.2	36941.2
20	53288.6	50521.1	43871.4	59247.2	36941.2
21	53288.6	51275.4	43871.4	59247.2	36941.2
22	53288.6	52029.8	43871.4	59247.2	36941.2
23	53288.6	52784.2	43871.4	59247.2	36941.2
24	53288.6	53538.5	43871.4	59247.2	36941.2
25	53288.6	54292.9	43871.4	59247.2	36941.2
26	53288.6	55047.2	43871.4	59247.2	36941.2
27	53288.6	55801.6	43871.4	59247.2	36941.2
28	53288.6	56556	43871.4	59247.2	36941.2
29	53288.6	57310.3	43871.4	59247.2	36941.2
30	53288.6	58064.7	43871.4	59247.2	36941.2
31	53288.6	58819	43871.4	59247.2	36941.2
32	53288.6	59573.4	43871.4	59247.2	36941.2
33	53288.6	60327.8	43871.4	59247.2	36941.2
34	53288.6	61082.1	43871.4	59247.2	36941.2
35	53288.6	61836.5	43871.4	59247.2	36941.2
36	53288.6	62590.9	43871.4	59247.2	36941.2
37	53288.6	63345.2	43871.4	59247.2	36941.2
38	53288.6	64099.6	43871.4	59247.2	36941.2
39	53288.6	64853.9	43871.4	59247.2	36941.2
40	53288.6	65608.3	43871.4	59247.2	36941.2
41	53288.6	66362.7	43871.4	59247.2	36941.2
42	53288.6	67117	43871.4	59247.2	36941.2
43	53288.6	67871.4	43871.4	59247.2	36941.2
44	53288.6	68625.8	43871.4	59247.2	36941.2
45	53288.6	69380.1	43871.4	59247.2	36941.2
46	53288.6	70134.5	43871.4	59247.2	36941.2
47	53288.6	70888.8	43871.4	59247.2	36941.2
48	53288.6	71643.2	43871.4	59247.2	36941.2
49	53288.6	72397.6	43871.4	59247.2	36941.2
50	53288.6	73151.9	43871.4	59247.2	36941.2
51	53288.6	73906.3	43871.4	59247.2	36941.2
52	53288.6	74660.7	43871.4	59247.2	36941.2
53	53288.6	75415	43871.4	59247.2	36941.2
54	53288.6	76169.4	43871.4	59247.2	36941.2
55	53288.6	76923.7	43871.4	59247.2	36941.2
56	53288.6	77678.1	43871.4	59247.2	36941.2
57	53288.6	78432.5	43871.4	59247.2	36941.2
58	53288.6	79186.8	43871.4	59247.2	36941.2
59	53288.6	79941.2	43871.4	59247.2	36941.2
60	53288.6	80695.6	43871.4	59247.2	36941.2
61	53288.6	81449.9	43871.4	59247.2	36941.2
62	53288.6	82204.3	43871.4	59247.2	36941.2
63	53288.6	82958.6	43871.4	59247.2	36941.2
64	53288.6	83713	43871.4	59247.2	36941.2
65	53288.6	84467.4	43871.4	59247.2	36941.2
66	53288.6	85221.7	43871.4	59247.2	36941.2
67	53288.6	85976.1	43871.4	59247.2	36941.2
68	53288.6	86730.5	43871.4	59247.2	36941.2
69	53288.6	87484.8	43871.4	59247.2	36941.2
70	53288.6	88239.2	43871.4	59247.2	36941.2
71	53288.6	88993.5	43871.4	59247.2	36941.2
72	53288.6	89747.9	43871.4	59247.2	36941.2
73	53288.6	90502.3	43871.4	59247.2	36941.2
74	53288.6	91256.6	43871.4	59247.2	36941.2
75	53288.6	92011	43871.4	59247.2	36941.2
76	53288.6	92765.4	43871.4	59247.2	36941.2
77	53288.6	93519.7	43871.4	59247.2	36941.2
78	53288.6	94274.1	43871.4	59247.2	36941.2
79	53288.6	95028.4	43871.4	59247.2	36941.2
80	53288.6	95782.8	43871.4	59247.2	36941.2
81	53288.6	96537.2	43871.4	59247.2	36941.2
82	53288.6	97291.5	43871.4	59247.2	36941.2
83	53288.6	98045.9	43871.4	59247.2	36941.2
84	53288.6	98800.2	43871.4	59247.2	36941.2
85	53288.6	99554.6	43871.4	59247.2	36941.2
86	53288.6	100309	43871.4	59247.2	36941.2
87	53288.6	101063	43871.4	59247.2	36941.2
88	53288.6	101818	43871.4	59247.2	36941.2
89	53288.6	102572	43871.4	59247.2	36941.2
90	53288.6	103326	43871.4	59247.2	36941.2
91	53288.6	104081	43871.4	59247.2	36941.2
92	53288.6	104835	43871.4	59247.2	36941.2
93	53288.6	105590	43871.4	59247.2	36941.2
94	53288.6	106344	43871.4	59247.2	36941.2
95	53288.6	107098	43871.4	59247.2	36941.2
96	53288.6	107853	43871.4	59247.2	36941.2
97	53288.6	108607	43871.4	59247.2	36941.2
98	53288.6	109361	43871.4	59247.2	36941.2
99	53288.6	110116	43871.4	59247.2	36941.2
100	53288.6	110870	43871.4	59247.2	36941.2
101	53288.6	111624	43871.4	59247.2	36941.2
102	53288.6	112379	43871.4	59247.2	36941.2
103	53288.6	113133	43871.4	59247.2	36941.2
104	53288.6	113887	43871.4	59247.2	36941.2
105	53288.6	114642	43871.4	59247.2	36941.2
106	53288.6	115396	43871.4	59247.2	36941.2
107	53288.6	116151	43871.4	59247.2	36941.2
108	53288.6	116905	43871.4	59247.2	36941.2
109	53288.6	117659	43871.4	59247.2	36941.2
110	53288.6	118414	43871.4	59247.2	36941.2
111	53288.6	119168	43871.4	59247.2	36941.2
112	53288.6	119922	43871.4	59247.2	36941.2
113	53288.6	120677	43871.4	59247.2	36941.2
114	53288.6	121431	43871.4	59247.2	36941.2
115	53288.6	122185	43871.4	59247.2	36941.2
116	53288.6	122940	43871.4	59247.2	36941.2
117	53288.6	123694	43871.4	59247.2	36941.2
118	53288.6	124449	43871.4	59247.2	36941.2
119	53288.6	125203	43871.4	59247.2	36941.2
120	53288.6	125957	43871.4	59247.2	36941.2
121	53288.6	126712	43871.4	59247.2	36941.2
122	53288.6	127466	43871.4	59247.2	36941.2
123	53288.6	128220	43871.4	59247.2	36941.2
124	53288.6	128975	43871.4	59247.2	36941.2
125	53288.6	129729	43871.4	59247.2	36941.2
126	53288.6	130483	43871.4	59247.2	36941.2
127	53288.6	131238	43871.4	59247.2	36941.2
128	53288.6	131992	43871.4	59247.2	36941.2
129	53288.6	132747	43871.4	59247.2	36941.2
130	53288.6	132747	43871.4	59247.2	36941.2
