0	1271.51	1311.47	1347.34	1851.89	511.349	1835.64	1616.04	1682.86	1871.83	1032.53	1849.35	1565.28	680.065	412.547	1763.06	159.749	885.395	1552.11	128.259	565.617	112.272	
1	1861.88	1985.76	2114.18	2307.58	1019.74	2415.92	2095.71	2078.34	2269.99	1476.97	2307.21	2046.63	1194.04	1036.2	2350.31	698.252	1499.5	2141.41	1136.51	1478.4	1242.3	
2	2364.93	2547.5	2719.19	2760.88	1458.27	2934.5	2549.22	2480.55	2683.31	1916.93	2765.37	2523.79	1674.47	1627.17	2926.94	1151.63	2030.14	2678.47	1983.05	2250.35	2183.88	
3	2851.49	3069.35	3258.17	3218.56	1892.26	3427.02	3001.23	2897.4	3113.96	2374.55	3232.13	3009.24	2175.62	2216.08	3498.17	1595.09	2534.11	3198.7	2761.95	2977.39	3038.38	
4	3331.15	3569.3	3764.07	3678.21	2331.8	3906.19	3455.36	3327.07	3557.47	2846.47	3706.34	3501.89	2698.14	2803.15	4063.65	2041.8	3028.02	3712.13	3498.42	3675.09	3836.95	
5	3806.02	4055.7	4252.01	4138.7	2777.62	4378.24	3912.3	3766.94	4010.57	3328.49	4186.5	3999.85	3236.23	3387.01	4623.74	2494.48	3518.8	4222.78	4203.24	4348.87	4593.36	
6	4277.25	4533.54	4729.83	4599.78	3228.82	4846.6	4372.09	4214.86	4471.06	3817.6	4597.13	4427.36	3710.1	3892.44	6194.96	2953.54	4009.59	4732.5	3904.64	8382.31	4337.95	
7	4566.85	4827.01	7367.73	5915.5	3505.27	6346.19	4696.78	4531.21	4798.93	4226.03	5897.86	4752.69	4111.7	4221.33	6228.43	3136.39	4200.97	6499.2	4439.72	7247.84	9958.81	
8	7364.32	4844.75	6603.66	5873.99	3700.59	6188.89	4586.7	5936.43	6109.26	4403.36	5997.27	6514.89	4151.53	4130.09	6475.47	3665.31	4592.91	6368.59	4935.24	7270.97	9013.02	
9	6400.74	7715.48	6629.9	6099.95	3466.66	6375.05	6795.33	5961.31	6014.58	362.742	6161.78	6311.95	4868.33	4640.74	6702.3	4065.58	4886.83	6545.26	10253.2	7448.49	8966.61	
10	6346.77	6576.67	6482.75	6277.3	3915.97	6343.7	6270.13	6125.88	6166.63	1920.12	6369.45	6511.47	8487.98	4770.71	6906.22	3548.28	7637.35	6762.5	8472.5	7529.98	8645.41	
11	6392.32	6426.39	6409.37	6408.72	4144.02	6343.38	6291.99	6299.26	6328.97	2320	6554.43	6714.57	7622	4968.16	7062.62	4059.48	6969.48	6818.83	8079.01	7566.37	8345.43	
12	6457.14	6410.04	6398.05	6519.89	4316.02	6383.06	6382.19	6464.98	6487.56	2547.23	6717.56	6889.41	7601.96	8668.38	7189.04	4311.17	6936.83	6899.93	7937.18	7592.89	8135.65	
13	6530.56	6440.37	6427.73	6624.61	4464.36	6449.21	6489.82	6620.43	6636.83	2705.82	6855.78	7011.94	7596.1	7656.29	7228.72	4498.16	7009.32	6988.97	7812.85	7582.46	7980.24	
14	6610.9	6496.77	6484.39	6728.41	4600.09	6531.7	6602.75	6765.99	6775.46	2827.12	6975.67	7107.76	7556.19	7488.73	7252.22	4659.96	7107.88	7076.3	7709.24	7553.18	7856.49	
15	6697.46	6569.98	6558.79	6833.02	4728.14	6624.11	6716.56	6902.87	6904.48	2929.38	7083.98	7192.61	7509.75	7438.06	7279.31	4806.92	7211.47	7160.81	7630.02	7521.65	7756.38	
16	6789.41	6654.46	6644.79	6938.73	4851.03	6722.45	6829.45	7032.39	7025.59	3022.1	7184.94	7272.78	7472.52	7421.55	7312.24	4942.76	7313.63	7242.98	7571.61	7495.49	7676.46	
17	6885.74	6746.55	6738.33	7045.29	4970.12	6824.24	6940.75	7155.79	7140.35	3109.79	7280.88	7350.67	7449.09	7421.94	7350.23	9114.1	7412.54	7323.3	7530.01	7477.35	7614.28	
18	6984.78	6843.1	6835.8	7149.85	8667.01	6925.75	7044.9	7257.59	7230.88	3188.87	7352.68	7417.57	7438.86	7431.73	7386.32	7873.3	7444.54	7377.92	7501.82	7466.91	7567.49	
19	7045.95	6930.61	6926.03	7153.3	7515.36	7011.44	7123.31	7282.24	7292.88	3255.55	7403.43	7470.68	7439.13	7446.07	7416.81	7586.7	7448.22	7411.3	7484.01	7462.57	7533.67	
20	7080.89	7002.47	7002.26	7152.96	7308.59	7078.46	7179.12	7287.03	7334.24	3309.01	7439.79	7511.64	7446.73	7462.01	7441.63	7489.82	7447.01	7433.03	7474.01	7462.62	7510.44	
21	7105.82	7059.44	7063.86	7161.71	7256.77	7130.38	7220.2	7291.73	7363.47	3350.86	7467.01	7543.36	7458.88	7478.03	7462.04	7449.25	7448.01	7449.29	7469.73	7465.73	7495.59	
22	7128.43	7105	7113.25	7176.72	7246.19	7171.56	7252.35	7299.6	7386.1	3383.67	7488.61	7568.59	7473.46	7493.48	7479.4	7431.91	7452.19	7463.13	7469.59	7470.95	7487.21	
23	7150.97	7142.54	7153.51	7194.92	7250.53	7205.41	7279.08	7310.2	7405.2	3409.95	7506.84	7589.43	7489.04	7508.19	7494.76	7426.41	7458.97	7475.95	7472.44	7477.68	7483.77	
24	7173.67	7174.58	7187.26	7214.51	7261.39	7234.33	7302.45	7322.73	7422.4	3431.78	7523.06	7607.42	7504.78	7522.21	7508.85	7427.72	7467.62	7488.39	7477.48	7485.52	7484.03	
25	7196.26	7202.86	7216.46	7234.54	7275.44	7259.9	7323.66	7336.53	7438.58	3450.67	7538.11	7623.59	7520.22	7535.65	7522.16	7433.25	7477.59	7500.72	7484.11	7494.19	7487.06	
26	7218.5	7228.47	7242.49	7254.54	7291.14	7283.15	7343.46	7351.16	7454.21	3467.67	7552.51	7638.64	7535.17	7548.68	7535.03	7441.53	7488.52	7513.1	7491.94	7503.51	7492.18	
27	7240.21	7252.16	7266.27	7274.29	7307.7	7304.77	7362.29	7366.33	7469.54	3483.49	7566.56	7653	7549.59	7561.41	7547.65	7451.65	7500.14	7525.58	7500.67	7513.35	7498.87	
28	7261.34	7274.41	7288.42	7293.69	7324.69	7325.21	7380.45	7381.83	7484.73	3498.58	7580.46	7666.98	7563.54	7573.96	7560.19	7463.05	7512.29	7538.22	7510.11	7523.63	7506.75	
29	7281.87	7295.56	7309.36	7312.72	7341.84	7344.78	7398.12	7397.55	7499.85	3513.24	7594.3	7680.75	7577.11	7586.42	7572.71	7475.35	7524.85	7551.01	7520.11	7534.27	7515.54	
30	7301.84	7315.83	7329.4	7331.38	7359.03	7363.68	7415.41	7413.37	7514.95	3527.66	7608.16	7694.43	7590.37	7598.85	7585.29	7488.3	7537.75	7563.97	7530.56	7545.23	7525.05	
31	7321.29	7335.4	7348.71	7349.69	7376.16	7382.04	7432.42	7429.26	7530.03	3541.96	7622.07	7708.1	7603.44	7611.31	7597.95	7501.72	7550.91	7577.08	7541.4	7556.47	7535.13	
32	7340.27	7354.4	7367.45	7367.68	7393.2	7399.99	7449.2	7445.15	7545.12	3556.21	7636.04	7721.79	7616.37	7623.82	7610.72	7515.48	7564.29	7590.35	7552.55	7567.97	7545.67	
33	7358.82	7372.91	7385.73	7385.38	7410.1	7417.58	7465.78	7461.04	7560.21	3570.45	7650.09	7735.53	7629.24	7636.41	7623.61	7529.5	7577.86	7603.76	7563.99	7579.71	7556.6	
34	7377	7391.02	7403.62	7402.81	7426.88	7434.88	7482.2	7476.89	7575.3	3584.72	7664.2	7749.34	7642.1	7649.11	7636.62	7543.72	7591.59	7617.31	7575.68	7591.65	7567.86	
35	7394.85	7408.79	7421.18	7420.01	7443.52	7451.93	7498.47	7492.7	7590.39	3599.02	7678.39	7763.22	7654.97	7661.91	7649.75	7558.08	7605.45	7630.97	7587.59	7603.8	7579.4	
36	7412.4	7426.25	7438.47	7436.99	7460.02	7468.76	7514.62	7508.46	7605.48	3613.37	7692.64	7777.16	7667.9	7674.83	7663	7572.55	7619.43	7644.74	7599.72	7616.13	7591.19	
37	7429.7	7443.45	7455.5	7453.77	7476.4	7485.4	7530.65	7524.17	7620.57	3627.76	7706.95	7791.18	7680.9	7687.86	7676.36	7587.11	7633.51	7658.6	7612.03	7628.63	7603.21	
38	7446.76	7460.42	7472.33	7470.39	7492.66	7501.88	7546.59	7539.82	7635.65	3642.2	7721.31	7805.26	7693.98	7701	7689.83	7601.73	7647.67	7672.56	7624.52	7641.3	7615.43	
39	7463.62	7477.19	7488.97	7486.84	7508.8	7518.2	7562.43	7555.43	7650.72	3656.69	7735.71	7819.4	7707.15	7714.25	7703.4	7616.41	7661.91	7686.59	7637.17	7654.12	7627.84	
40	7480.29	7493.78	7505.44	7503.16	7524.84	7534.39	7578.19	7570.98	7665.78	3671.22	7750.17	7833.6	7720.41	7727.61	7717.06	7631.12	7676.21	7700.7	7649.98	7667.08	7640.42	
41	7496.79	7510.22	7521.76	7519.34	7540.78	7550.47	7593.87	7586.48	7680.83	3685.79	7764.65	7847.85	7733.77	7741.08	7730.81	7645.86	7690.56	7714.87	7662.93	7680.17	7653.16	
42	7513.15	7526.5	7537.95	7535.41	7556.64	7566.43	7609.49	7601.93	7695.87	3700.39	7779.17	7862.15	7747.22	7754.64	7744.65	7660.63	7704.97	7729.1	7676.01	7693.38	7666.05	
43	7529.37	7542.67	7554.02	7551.38	7572.41	7582.3	7625.04	7617.34	7710.9	3715.02	7793.72	7876.49	7760.77	7768.29	7758.56	7675.42	7719.41	7743.38	7689.22	7706.72	7679.08	
44	7545.47	7558.71	7569.99	7567.25	7588.1	7598.08	7640.53	7632.7	7725.92	3729.69	7808.3	7890.87	7774.4	7782.02	7772.54	7690.22	7733.9	7757.71	7702.54	7720.16	7692.23	
45	7561.46	7574.65	7585.86	7583.03	7603.73	7613.78	7655.97	7648.03	7740.92	3744.39	7822.9	7905.29	7788.11	7795.84	7786.58	7705.03	7748.42	7772.08	7715.97	7733.7	7705.51	
46	7577.36	7590.5	7601.64	7598.73	7619.29	7629.41	7671.36	7663.32	7755.91	3759.1	7837.52	7919.74	7801.91	7809.73	7800.69	7719.85	7762.96	7786.49	7729.5	7747.33	7718.9	
47	7593.16	7606.26	7617.34	7614.37	7634.79	7644.97	7686.7	7678.57	7770.9	3773.85	7852.16	7934.22	7815.77	7823.69	7814.85	7734.67	7777.53	7800.94	7743.13	7761.06	7732.39	
48	7608.88	7621.94	7632.96	7629.93	7650.24	7660.47	7702.01	7693.79	7785.87	3788.61	7866.81	7948.73	7829.71	7837.71	7829.06	7749.5	7792.13	7815.41	7756.84	7774.86	7745.98	
49	7624.53	7637.55	7648.52	7645.43	7665.64	7675.92	7717.27	7708.98	7800.83	3803.39	7881.48	7963.27	7843.72	7851.79	7843.32	7764.33	7806.75	7829.92	7770.64	7788.74	7759.66	
50	7640.11	7653.1	7664.02	7660.88	7681	7691.31	7732.5	7724.14	7815.78	3818.19	7896.16	7977.82	7857.78	7865.93	7857.62	7779.17	7821.38	7844.45	7784.51	7802.7	7773.42	
51	7655.63	7668.58	7679.47	7676.28	7696.31	7706.66	7747.7	7739.28	7830.72	3833	7910.86	7992.4	7871.9	7880.13	7871.96	7794	7836.03	7859.01	7798.46	7816.71	7787.27	
52	7671.09	7684.02	7694.86	7691.63	7711.58	7721.97	7762.87	7754.39	7845.66	3847.83	7925.56	8007	7886.08	7894.37	7886.34	7808.84	7850.7	7873.58	7812.47	7830.79	7801.18	
53	7686.5	7699.4	7710.21	7706.94	7726.82	7737.24	7778.01	7769.48	7860.58	3862.67	7940.27	8021.61	7900.3	7908.65	7900.75	7823.68	7865.37	7888.18	7826.54	7844.92	7815.17	
54	7701.86	7714.74	7725.52	7722.22	7742.02	7752.47	7793.13	7784.55	7875.5	3877.52	7955	8036.24	7914.57	7922.98	7915.2	7838.51	7880.07	7902.79	7840.67	7859.11	7829.21	
55	7717.18	7730.04	7740.79	7737.45	7757.19	7767.67	7808.22	7799.6	7890.41	3892.38	7969.73	8050.89	7928.88	7937.34	7929.67	7853.35	7894.77	7917.42	7854.85	7873.34	7843.32	
56	7732.46	7745.3	7756.02	7752.65	7772.34	7782.84	7823.29	7814.63	7905.31	3907.25	7984.47	8065.55	7943.23	7951.74	7944.17	7868.19	7909.48	7932.07	7869.08	7887.62	7857.48	
57	7747.71	7760.52	7771.22	7767.83	7787.46	7797.98	7838.34	7829.65	7920.21	3922.14	7999.21	8080.22	7957.62	7966.17	7958.7	7883.02	7924.2	7946.73	7883.35	7901.94	7871.69	
58	7762.92	7775.72	7786.39	7782.97	7802.56	7813.1	7853.37	7844.65	7935.1	3937.02	8013.96	8094.9	7972.04	7980.63	7973.24	7897.86	7938.93	7961.4	7897.67	7916.3	7885.94	
59	7778.1	7790.88	7801.53	7798.09	7817.64	7828.19	7868.39	7859.64	7949.99	3951.92	8028.71	8109.59	7986.48	7995.11	7987.81	7912.69	7953.66	7976.08	7912.02	7930.7	7900.24	
60	7793.25	7806.02	7816.65	7813.19	7832.69	7843.26	7883.39	7874.61	7964.87	3966.82	8043.47	8124.29	8000.96	8009.63	8002.4	7927.52	7968.41	7990.78	7926.41	7945.12	7914.58	
61	7808.37	7821.13	7831.74	7828.26	7847.73	7858.32	7898.38	7889.57	7979.74	3981.73	8058.24	8139	8015.47	8024.16	8017.01	7942.36	7983.16	8005.48	7940.83	7959.58	7928.96	
62	7823.47	7836.22	7846.82	7843.32	7862.75	7873.35	7913.35	7904.52	7994.61	3996.65	8073.01	8153.72	8029.99	8038.72	8031.63	7957.19	7997.91	8020.2	7955.29	7974.06	7943.37	
63	7838.55	7851.29	7861.87	7858.35	7877.76	7888.37	7928.31	7919.46	8009.48	4011.57	8087.78	8168.44	8044.54	8053.3	8046.27	7972.02	8012.67	8034.92	7969.77	7988.58	7957.81	
64	7853.61	7866.34	7876.9	7873.37	7892.75	7903.37	7943.27	7934.39	8024.34	4026.49	8102.56	8183.18	8059.12	8067.89	8060.92	7986.85	8027.43	8049.65	7984.27	8003.11	7972.28	
65	7868.66	7881.37	7891.92	7888.38	7907.73	7918.36	7958.21	7949.32	8039.2	4041.42	8117.33	8197.91	8073.7	8082.51	8075.58	8001.68	8042.2	8064.38	7998.81	8017.67	7986.78	
66	7883.68	7896.38	7906.93	7903.37	7922.69	7933.34	7973.14	7964.23	8054.06	4056.36	8132.11	8212.66	8088.31	8097.14	8090.26	8016.51	8056.97	8079.12	8013.36	8032.24	8001.3	
67	7898.69	7911.38	7921.91	7918.34	7937.65	7948.3	7988.06	7979.14	8068.91	4071.29	8146.9	8227.41	8102.94	8111.78	8104.94	8031.34	8071.75	8093.87	8027.93	8046.84	8015.85	
68	7913.68	7926.37	7936.89	7933.31	7952.59	7963.25	8002.97	7994.04	8083.76	4086.23	8161.69	8242.16	8117.57	8126.44	8119.64	8046.17	8086.53	8108.62	8042.53	8061.45	8030.41	
69	7928.66	7941.34	7951.85	7948.26	7967.53	7978.19	8017.88	8008.94	8098.61	4101.18	8176.47	8256.92	8132.23	8141.11	8134.35	8060.99	8101.31	8123.38	8057.14	8076.08	8045	
70	7943.63	7956.3	7966.81	7963.21	7982.45	7993.12	8032.78	8023.82	8113.46	4116.12	8191.26	8271.68	8146.89	8155.79	8149.06	8075.82	8116.1	8138.15	8071.76	8090.72	8059.6	
71	7958.59	7971.25	7981.75	7978.14	7997.37	8008.05	8047.68	8038.71	8128.3	4131.07	8206.06	8286.45	8161.57	8170.48	8163.78	8090.64	8130.88	8152.91	8086.4	8105.38	8074.23	
72	7973.54	7986.2	7996.68	7993.06	8012.28	8022.96	8062.56	8053.59	8143.14	4146.02	8220.85	8301.22	8176.25	8185.18	8178.51	8105.47	8145.67	8167.68	8101.06	8120.05	8088.86	
73	7988.47	8001.13	8011.61	8007.98	8027.18	8037.87	8077.45	8068.46	8157.98	4160.98	8235.65	8315.99	8190.95	8199.89	8193.25	8120.29	8160.47	8182.46	8115.73	8134.73	8103.51	
74	8003.4	8016.05	8026.52	8022.89	8042.08	8052.78	8092.32	8083.33	8172.82	4175.93	8250.44	8330.76	8205.66	8214.61	8207.99	8135.12	8175.26	8197.24	8130.41	8149.42	8118.18	
75	8018.32	8030.97	8041.43	8037.8	8056.97	8067.67	8107.2	8098.2	8187.65	4190.89	8265.24	8345.54	8220.37	8229.33	8222.74	8149.94	8190.06	8212.02	8145.1	8164.13	8132.85	
76	8033.23	8045.87	8056.34	8052.69	8071.86	8082.56	8122.07	8113.06	8202.49	4205.85	8280.04	8360.32	8235.09	8244.06	8237.49	8164.77	8204.85	8226.8	8159.8	8178.84	8147.54	
77	8048.14	8060.78	8071.23	8067.58	8086.74	8097.45	8136.93	8127.92	8217.32	4220.81	8294.84	8375.11	8249.82	8258.8	8252.25	8179.59	8219.65	8241.59	8174.51	8193.56	8162.24	
78	8063.04	8075.67	8086.12	8082.47	8101.62	8112.33	8151.79	8142.77	8232.15	4235.77	8309.64	8389.89	8264.56	8273.55	8267.01	8194.41	8234.45	8256.37	8189.23	8208.28	8176.94	
79	8077.93	8090.56	8101.01	8097.35	8116.49	8127.2	8166.65	8157.63	8246.98	4250.74	8324.44	8404.68	8279.3	8288.3	8281.78	8209.24	8249.26	8271.16	8203.95	8223.02	8191.66	
80	8092.82	8105.45	8115.89	8112.23	8131.36	8142.07	8181.51	8172.48	8261.81	4265.7	8339.25	8419.47	8294.05	8303.05	8296.55	8224.06	8264.06	8285.96	8218.68	8237.76	8206.38	
81	8107.7	8120.33	8130.77	8127.1	8146.22	8156.94	8196.36	8187.33	8276.64	4280.67	8354.05	8434.26	8308.8	8317.81	8311.33	8238.88	8278.86	8300.75	8233.42	8252.5	8221.11	
82	8122.58	8135.2	8145.64	8141.97	8161.08	8171.8	8211.21	8202.17	8291.47	4295.64	8368.86	8449.05	8323.56	8332.58	8326.1	8253.7	8293.67	8315.55	8248.17	8267.26	8235.85	
83	8137.46	8150.07	8160.51	8156.83	8175.94	8186.66	8226.06	8217.02	8306.3	4310.6	8383.66	8463.84	8338.32	8347.35	8340.88	8268.52	8308.47	8330.35	8262.92	8282.01	8250.6	
84	8152.33	8164.94	8175.37	8171.69	8190.8	8201.52	8240.91	8231.86	8321.12	4325.57	8398.47	8478.64	8353.09	8362.12	8355.67	8283.34	8323.28	8345.14	8277.68	8296.78	8265.35	
85	8167.19	8179.81	8190.23	8186.55	8205.65	8216.37	8255.75	8246.7	8335.95	4340.54	8413.28	8493.43	8367.86	8376.89	8370.45	8298.17	8338.09	8359.94	8292.44	8311.54	8280.1	
86	8182.06	8194.67	8205.09	8201.41	8220.5	8231.23	8270.59	8261.54	8350.77	4355.51	8428.08	8508.23	8382.63	8391.67	8385.24	8312.99	8352.9	8374.75	8307.2	8326.31	8294.86	
87	8196.92	8209.53	8219.95	8216.26	8235.35	8246.08	8285.43	8276.38	8365.59	4370.49	8442.89	8523.03	8397.41	8406.45	8400.03	8327.81	8367.71	8389.55	8321.97	8341.09	8309.63	
88	8211.78	8224.38	8234.8	8231.11	8250.19	8260.92	8300.27	8291.21	8380.42	4385.46	8457.7	8537.83	8412.19	8421.24	8414.82	8342.63	8382.52	8404.35	8336.75	8355.86	8324.4	
89	8226.63	8239.24	8249.65	8245.96	8265.04	8275.77	8315.11	8306.05	8395.24	4400.43	8472.51	8552.63	8426.97	8436.02	8429.61	8357.45	8397.33	8419.16	8351.52	8370.65	8339.17	
90	8241.48	8254.09	8264.5	8260.81	8279.88	8290.61	8329.94	8320.88	8410.06	4415.4	8487.32	8567.43	8441.76	8450.81	8444.41	8372.27	8412.14	8433.96	8366.3	8385.43	8353.95	
91	8256.33	8268.94	8279.35	8275.65	8294.72	8305.46	8344.78	8335.71	8424.88	4430.38	8502.12	8582.23	8456.54	8465.6	8459.21	8387.09	8426.95	8448.77	8381.09	8400.22	8368.73	
92	8271.18	8283.78	8294.19	8290.49	8309.56	8320.3	8359.61	8350.54	8439.71	4445.35	8516.93	8597.03	8471.33	8480.4	8474.01	8401.91	8441.76	8463.58	8395.87	8415	8383.51	
93	8286.03	8298.63	8309.04	8305.33	8324.4	8335.13	8374.44	8365.37	8454.53	4460.33	8531.74	8611.83	8486.12	8495.19	8488.81	8416.73	8456.57	8478.38	8410.66	8429.8	8398.3	
94	8300.87	8313.47	8323.88	8320.17	8339.24	8349.97	8389.27	8380.2	8469.35	4475.3	8546.55	8626.64	8500.92	8509.99	8503.61	8431.55	8471.39	8493.19	8425.45	8444.59	8413.08	
95	8315.72	8328.31	8338.72	8335.01	8354.07	8364.81	8404.1	8395.03	8484.17	4490.28	8561.36	8641.44	8515.71	8524.78	8518.41	8446.37	8486.2	8508	8440.25	8459.38	8427.88	
96	8330.56	8343.15	8353.56	8349.85	8368.91	8379.64	8418.93	8409.86	8498.99	4505.25	8576.18	8656.24	8530.51	8539.58	8533.21	8461.19	8501.01	8522.81	8455.04	8474.18	8442.67	
97	8345.4	8357.99	8368.39	8364.69	8383.74	8394.48	8433.76	8424.69	8513.81	4520.23	8590.99	8671.05	8545.31	8554.38	8548.02	8476.01	8515.83	8537.62	8469.84	8488.98	8457.46	
98	8360.24	8372.83	8383.23	8379.52	8398.58	8409.31	8448.59	8439.52	8528.63	4535.2	8605.8	8685.85	8560.1	8569.18	8562.82	8490.83	8530.64	8552.43	8484.64	8503.78	8472.26	
99	8375.08	8387.67	8398.07	8394.36	8413.41	8424.14	8463.42	8454.34	8543.45	4550.18	8620.61	8700.66	8574.9	8583.99	8577.63	8505.65	8545.45	8567.24	8499.44	8518.58	8487.06	
100	8389.91	8402.5	8412.9	8409.19	8428.24	8438.98	8478.24	8469.17	8558.27	4565.16	8635.42	8715.46	8589.71	8598.79	8592.43	8520.47	8560.27	8582.06	8514.24	8533.38	8501.86	
101	8404.75	8417.34	8427.73	8424.02	8443.07	8453.81	8493.07	8484	8573.08	4580.13	8650.23	8730.27	8604.51	8613.59	8607.24	8535.28	8575.08	8596.87	8529.04	8548.19	8516.66	
102	8419.58	8432.17	8442.57	8438.85	8457.9	8468.64	8507.9	8498.82	8587.9	4595.11	8665.04	8745.08	8619.31	8628.4	8622.05	8550.1	8589.9	8611.68	8543.84	8562.99	8531.46	
103	8434.42	8447.01	8457.4	8453.68	8472.73	8483.47	8522.72	8513.65	8602.72	4610.09	8679.85	8759.88	8634.11	8643.2	8636.85	8564.92	8604.71	8626.49	8558.65	8577.8	8546.27	
104	8449.25	8461.84	8472.23	8468.51	8487.56	8498.29	8537.54	8528.47	8617.54	4625.06	8694.67	8774.69	8648.92	8658.01	8651.66	8579.74	8619.53	8641.3	8573.45	8592.61	8561.07	
105	8464.08	8476.67	8487.06	8483.34	8502.39	8513.12	8552.37	8543.29	8632.36	4640.04	8709.48	8789.5	8663.72	8672.82	8666.47	8594.56	8634.34	8656.12	8588.26	8607.41	8575.88	
106	8478.92	8491.5	8501.89	8498.17	8517.22	8527.95	8567.19	8558.12	8647.18	4655.02	8724.29	8804.3	8678.53	8687.63	8681.28	8609.38	8649.16	8670.93	8603.07	8622.22	8590.69	
107	8493.75	8506.33	8516.72	8513	8532.04	8542.78	8582.02	8572.94	8661.99	4670	8739.1	8819.11	8693.34	8702.43	8696.09	8624.2	8663.97	8685.74	8617.88	8637.03	8605.5	
108	8508.58	8521.16	8531.55	8527.83	8546.87	8557.6	8596.84	8587.76	8676.81	4684.98	8753.91	8833.92	8708.14	8717.24	8710.9	8639.02	8678.79	8700.56	8632.68	8651.84	8620.31	
109	8523.41	8535.99	8546.38	8542.66	8561.7	8572.43	8611.66	8602.59	8691.63	4699.95	8768.73	8848.72	8722.95	8732.05	8725.71	8653.84	8693.6	8715.37	8647.49	8666.65	8635.12	
110	8538.24	8550.82	8561.21	8557.49	8576.52	8587.26	8626.49	8617.41	8706.45	4714.93	8783.54	8863.53	8737.76	8746.86	8740.53	8668.66	8708.42	8730.18	8662.3	8681.47	8649.93	
111	8553.07	8565.65	8576.03	8572.31	8591.35	8602.08	8641.31	8632.23	8721.26	4729.91	8798.35	8878.34	8752.57	8761.67	8755.34	8683.47	8723.24	8745	8677.12	8696.28	8664.74	
112	8567.9	8580.48	8590.86	8587.14	8606.17	8616.91	8656.13	8647.05	8736.08	4744.89	8813.16	8893.15	8767.38	8776.48	8770.15	8698.29	8738.05	8759.81	8691.93	8711.09	8679.55	
113	8582.72	8595.3	8605.69	8601.96	8621	8631.73	8670.95	8661.88	8750.9	4759.87	8827.98	8907.96	8782.19	8791.29	8784.96	8713.11	8752.87	8774.63	8706.74	8725.9	8694.36	
114	8597.55	8610.13	8620.51	8616.79	8635.82	8646.56	8685.77	8676.7	8765.71	4774.84	8842.79	8922.76	8797	8806.1	8799.77	8727.93	8767.68	8789.44	8721.55	8740.72	8709.18	
115	8612.38	8624.96	8635.34	8631.62	8650.65	8661.38	8700.6	8691.52	8780.53	4789.82	8857.6	8937.57	8811.81	8820.92	8814.58	8742.75	8782.5	8804.26	8736.36	8755.53	8723.99	
116	8627.21	8639.79	8650.17	8646.44	8665.47	8676.21	8715.42	8706.34	8795.35	4804.8	8872.41	8952.38	8826.62	8835.73	8829.4	8757.57	8797.32	8819.07	8751.18	8770.34	8738.8	
117	8642.04	8654.61	8664.99	8661.27	8680.3	8691.03	8730.24	8721.16	8810.17	4819.78	8887.23	8967.19	8841.43	8850.54	8844.21	8772.39	8812.13	8833.88	8765.99	8785.16	8753.62	
118	8656.86	8669.44	8679.82	8676.09	8695.12	8705.86	8745.06	8735.98	8824.98	4834.76	8902.04	8982	8856.24	8865.35	8859.02	8787.21	8826.95	8848.7	8780.81	8799.97	8768.43	
119	8671.69	8684.27	8694.64	8690.92	8709.95	8720.68	8759.88	8750.81	8839.8	4849.74	8916.85	8996.81	8871.05	8880.16	8873.84	8802.02	8841.76	8863.51	8795.62	8814.79	8783.25	
120	8686.52	8699.09	8709.47	8705.74	8724.77	8735.5	8774.7	8765.63	8854.62	4864.72	8931.66	9011.62	8885.86	8894.98	8888.65	8816.84	8856.58	8878.33	8810.43	8829.6	8798.06	
121	8701.34	8713.92	8724.29	8720.57	8739.6	8750.33	8789.52	8780.45	8869.43	4879.69	8946.48	9026.42	8900.68	8909.79	8903.46	8831.66	8871.4	8893.14	8825.25	8844.42	8812.88	
122	8716.17	8728.74	8739.12	8735.39	8754.42	8765.15	8804.34	8795.27	8884.25	4894.67	8961.29	9041.23	8915.49	8924.6	8918.28	8846.48	8886.21	8907.96	8840.06	8859.23	8827.69	
123	8730.99	8743.57	8753.94	8750.21	8769.24	8779.97	8819.16	8810.09	8899.07	4909.65	8976.1	9056.04	8930.3	8939.41	8933.09	8861.3	8901.03	8922.77	8854.88	8874.05	8842.51	
124	8745.82	8758.39	8768.77	8765.04	8784.07	8794.8	8833.98	8824.91	8913.88	4924.63	8990.91	9070.85	8945.11	8954.23	8947.9	8876.12	8915.85	8937.59	8869.69	8888.86	8857.33	
125	8760.65	8773.22	8783.59	8779.86	8798.89	8809.62	8848.8	8839.73	8928.7	4939.61	9005.73	9085.66	8959.92	8969.04	8962.72	8890.93	8930.66	8952.4	8884.51	8903.68	8872.14	
126	8775.47	8788.04	8798.42	8794.69	8813.71	8824.44	8863.63	8854.55	8943.52	4954.59	9020.54	9100.47	8974.74	8983.85	8977.53	8905.75	8945.48	8967.22	8899.32	8918.49	8886.96	
127	8790.3	8802.87	8813.24	8809.51	8828.54	8839.26	8878.45	8869.37	8958.33	4969.57	9035.35	9115.28	8989.55	8998.67	8992.34	8920.57	8960.3	8982.04	8914.14	8933.31	8901.78	
128	8805.12	8817.69	8828.07	8824.33	8843.36	8854.09	8893.27	8884.19	8973.15	4984.55	9050.17	9130.09	9004.36	9013.48	9007.16	8935.39	8975.11	8996.85	8928.96	8948.13	8916.59	
129	8819.95	8832.52	8842.89	8839.16	8858.18	8868.91	8908.09	8899.01	8987.97	4999.52	9064.98	9144.9	9019.17	9028.29	9021.97	8950.21	8989.93	9011.67	8943.77	8962.94	8931.41	
130	8834.77	8847.34	8857.71	8853.98	8873	8883.73	8922.91	8913.83	9002.78	11346.4	9079.79	9159.71	9033.99	9043.11	9036.79	8965.03	9004.74	9026.48	8958.59	8977.76	8946.23	
