0	1000	1000	1000	1000	1000	1200	1200	1200	1200	200	1200	1200	200	1200	1200	1400	1800	1800	1550	2850	600	
1	1000	1000	1000	1000	1000	1200	1200	1200	1200	200	1200	1200	200	1200	1200	1400	1800	1800	1550	2850	600	
2	1000	1000	1000	1000	1000	1200	1200	1200	1200	200	1200	1200	200	1200	1200	1400	1800	1800	1550	2850	600	
3	1000	1000	1000	1000	1000	1200	1200	1200	1200	200	1200	1200	200	1200	1200	1400	1800	1800	1550	2850	600	
4	1000	1000	1000	1000	1000	1200	1200	1200	1200	200	1200	1200	200	1200	1200	1400	1800	1800	1550	2850	600	
5	1000	1000	1000	1000	1000	1200	1200	1200	1200	200	1200	1200	200	1200	1200	1400	1800	1800	1550	2850	600	
6	1000	1000	1000	1000	1000	1200	1200	1200	1200	200	1321.86	1278.65	206.268	1233.23	0	1400	1800	1800	1958.23	0	761.767	
7	1084.62	1083.61	0	0	1069.83	0	1342.01	1407.13	1434.71	209.043	0	1454.63	220.295	1307.59	0	1532.71	2027.29	0	2110.59	0	0	
8	0	1201.81	0	0	1168.55	0	1835.36	0	0	240.461	0	0	266.471	1552.34	0	1532.71	2027.29	0	2110.59	0	0	
9	0	0	0	0	1408.91	0	0	0	0	754.362	0	0	266.471	1552.34	0	1532.71	2027.29	0	0	0	0	
10	0	0	0	0	1408.91	0	0	0	0	754.362	0	0	0	1605.63	0	1938.17	0	0	0	0	0	
11	0	0	0	0	1408.91	0	0	0	0	754.362	0	0	0	1605.63	0	1938.17	0	0	0	0	0	
12	0	0	0	0	1408.91	0	0	0	0	754.362	0	0	0	0	0	1938.17	0	0	0	0	0	
13	0	0	0	0	1408.91	0	0	0	0	754.362	0	0	0	0	0	1938.17	0	0	0	0	0	
14	0	0	0	0	1408.91	0	0	0	0	754.362	0	0	0	0	0	1938.17	0	0	0	0	0	
15	0	0	0	0	1408.91	0	0	0	0	754.362	0	0	0	0	0	1938.17	0	0	0	0	0	
16	0	0	0	0	1408.91	0	0	0	0	754.362	0	0	0	0	0	1938.17	0	0	0	0	0	
17	0	0	0	0	1408.91	0	0	0	0	754.362	0	0	0	0	0	0	0	0	0	0	0	
18	0	0	0	0	0	0	0	0	0	754.362	0	0	0	0	0	0	0	0	0	0	0	
19	0	0	0	0	0	0	0	0	0	754.362	0	0	0	0	0	0	0	0	0	0	0	
20	0	0	0	0	0	0	0	0	0	754.362	0	0	0	0	0	0	0	0	0	0	0	
21	0	0	0	0	0	0	0	0	0	754.362	0	0	0	0	0	0	0	0	0	0	0	
22	0	0	0	0	0	0	0	0	0	754.362	0	0	0	0	0	0	0	0	0	0	0	
23	0	0	0	0	0	0	0	0	0	754.362	0	0	0	0	0	0	0	0	0	0	0	
24	0	0	0	0	0	0	0	0	0	754.362	0	0	0	0	0	0	0	0	0	0	0	
25	0	0	0	0	0	0	0	0	0	754.362	0	0	0	0	0	0	0	0	0	0	0	
26	0	0	0	0	0	0	0	0	0	754.362	0	0	0	0	0	0	0	0	0	0	0	
27	0	0	0	0	0	0	0	0	0	754.362	0	0	0	0	0	0	0	0	0	0	0	
28	0	0	0	0	0	0	0	0	0	754.362	0	0	0	0	0	0	0	0	0	0	0	
29	0	0	0	0	0	0	0	0	0	754.362	0	0	0	0	0	0	0	0	0	0	0	
30	0	0	0	0	0	0	0	0	0	754.362	0	0	0	0	0	0	0	0	0	0	0	
31	0	0	0	0	0	0	0	0	0	754.362	0	0	0	0	0	0	0	0	0	0	0	
32	0	0	0	0	0	0	0	0	0	754.362	0	0	0	0	0	0	0	0	0	0	0	
33	0	0	0	0	0	0	0	0	0	754.362	0	0	0	0	0	0	0	0	0	0	0	
34	0	0	0	0	0	0	0	0	0	754.362	0	0	0	0	0	0	0	0	0	0	0	
35	0	0	0	0	0	0	0	0	0	754.362	0	0	0	0	0	0	0	0	0	0	0	
36	0	0	0	0	0	0	0	0	0	754.362	0	0	0	0	0	0	0	0	0	0	0	
37	0	0	0	0	0	0	0	0	0	754.362	0	0	0	0	0	0	0	0	0	0	0	
38	0	0	0	0	0	0	0	0	0	754.362	0	0	0	0	0	0	0	0	0	0	0	
39	0	0	0	0	0	0	0	0	0	754.362	0	0	0	0	0	0	0	0	0	0	0	
40	0	0	0	0	0	0	0	0	0	754.362	0	0	0	0	0	0	0	0	0	0	0	
41	0	0	0	0	0	0	0	0	0	754.362	0	0	0	0	0	0	0	0	0	0	0	
42	0	0	0	0	0	0	0	0	0	754.362	0	0	0	0	0	0	0	0	0	0	0	
43	0	0	0	0	0	0	0	0	0	754.362	0	0	0	0	0	0	0	0	0	0	0	
44	0	0	0	0	0	0	0	0	0	754.362	0	0	0	0	0	0	0	0	0	0	0	
45	0	0	0	0	0	0	0	0	0	754.362	0	0	0	0	0	0	0	0	0	0	0	
46	0	0	0	0	0	0	0	0	0	754.362	0	0	0	0	0	0	0	0	0	0	0	
47	0	0	0	0	0	0	0	0	0	754.362	0	0	0	0	0	0	0	0	0	0	0	
48	0	0	0	0	0	0	0	0	0	754.362	0	0	0	0	0	0	0	0	0	0	0	
49	0	0	0	0	0	0	0	0	0	754.362	0	0	0	0	0	0	0	0	0	0	0	
50	0	0	0	0	0	0	0	0	0	754.362	0	0	0	0	0	0	0	0	0	0	0	
51	0	0	0	0	0	0	0	0	0	754.362	0	0	0	0	0	0	0	0	0	0	0	
52	0	0	0	0	0	0	0	0	0	754.362	0	0	0	0	0	0	0	0	0	0	0	
53	0	0	0	0	0	0	0	0	0	754.362	0	0	0	0	0	0	0	0	0	0	0	
54	0	0	0	0	0	0	0	0	0	754.362	0	0	0	0	0	0	0	0	0	0	0	
55	0	0	0	0	0	0	0	0	0	754.362	0	0	0	0	0	0	0	0	0	0	0	
56	0	0	0	0	0	0	0	0	0	754.362	0	0	0	0	0	0	0	0	0	0	0	
57	0	0	0	0	0	0	0	0	0	754.362	0	0	0	0	0	0	0	0	0	0	0	
58	0	0	0	0	0	0	0	0	0	754.362	0	0	0	0	0	0	0	0	0	0	0	
59	0	0	0	0	0	0	0	0	0	754.362	0	0	0	0	0	0	0	0	0	0	0	
60	0	0	0	0	0	0	0	0	0	754.362	0	0	0	0	0	0	0	0	0	0	0	
61	0	0	0	0	0	0	0	0	0	754.362	0	0	0	0	0	0	0	0	0	0	0	
62	0	0	0	0	0	0	0	0	0	754.362	0	0	0	0	0	0	0	0	0	0	0	
63	0	0	0	0	0	0	0	0	0	754.362	0	0	0	0	0	0	0	0	0	0	0	
64	0	0	0	0	0	0	0	0	0	754.362	0	0	0	0	0	0	0	0	0	0	0	
65	0	0	0	0	0	0	0	0	0	754.362	0	0	0	0	0	0	0	0	0	0	0	
66	0	0	0	0	0	0	0	0	0	754.362	0	0	0	0	0	0	0	0	0	0	0	
67	0	0	0	0	0	0	0	0	0	754.362	0	0	0	0	0	0	0	0	0	0	0	
68	0	0	0	0	0	0	0	0	0	754.362	0	0	0	0	0	0	0	0	0	0	0	
69	0	0	0	0	0	0	0	0	0	754.362	0	0	0	0	0	0	0	0	0	0	0	
70	0	0	0	0	0	0	0	0	0	754.362	0	0	0	0	0	0	0	0	0	0	0	
71	0	0	0	0	0	0	0	0	0	754.362	0	0	0	0	0	0	0	0	0	0	0	
72	0	0	0	0	0	0	0	0	0	754.362	0	0	0	0	0	0	0	0	0	0	0	
73	0	0	0	0	0	0	0	0	0	754.362	0	0	0	0	0	0	0	0	0	0	0	
74	0	0	0	0	0	0	0	0	0	754.362	0	0	0	0	0	0	0	0	0	0	0	
75	0	0	0	0	0	0	0	0	0	754.362	0	0	0	0	0	0	0	0	0	0	0	
76	0	0	0	0	0	0	0	0	0	754.362	0	0	0	0	0	0	0	0	0	0	0	
77	0	0	0	0	0	0	0	0	0	754.362	0	0	0	0	0	0	0	0	0	0	0	
78	0	0	0	0	0	0	0	0	0	754.362	0	0	0	0	0	0	0	0	0	0	0	
79	0	0	0	0	0	0	0	0	0	754.362	0	0	0	0	0	0	0	0	0	0	0	
80	0	0	0	0	0	0	0	0	0	754.362	0	0	0	0	0	0	0	0	0	0	0	
81	0	0	0	0	0	0	0	0	0	754.362	0	0	0	0	0	0	0	0	0	0	0	
82	0	0	0	0	0	0	0	0	0	754.362	0	0	0	0	0	0	0	0	0	0	0	
83	0	0	0	0	0	0	0	0	0	754.362	0	0	0	0	0	0	0	0	0	0	0	
84	0	0	0	0	0	0	0	0	0	754.362	0	0	0	0	0	0	0	0	0	0	0	
85	0	0	0	0	0	0	0	0	0	754.362	0	0	0	0	0	0	0	0	0	0	0	
86	0	0	0	0	0	0	0	0	0	754.362	0	0	0	0	0	0	0	0	0	0	0	
87	0	0	0	0	0	0	0	0	0	754.362	0	0	0	0	0	0	0	0	0	0	0	
88	0	0	0	0	0	0	0	0	0	754.362	0	0	0	0	0	0	0	0	0	0	0	
89	0	0	0	0	0	0	0	0	0	754.362	0	0	0	0	0	0	0	0	0	0	0	
90	0	0	0	0	0	0	0	0	0	754.362	0	0	0	0	0	0	0	0	0	0	0	
91	0	0	0	0	0	0	0	0	0	754.362	0	0	0	0	0	0	0	0	0	0	0	
92	0	0	0	0	0	0	0	0	0	754.362	0	0	0	0	0	0	0	0	0	0	0	
93	0	0	0	0	0	0	0	0	0	754.362	0	0	0	0	0	0	0	0	0	0	0	
94	0	0	0	0	0	0	0	0	0	754.362	0	0	0	0	0	0	0	0	0	0	0	
95	0	0	0	0	0	0	0	0	0	754.362	0	0	0	0	0	0	0	0	0	0	0	
96	0	0	0	0	0	0	0	0	0	754.362	0	0	0	0	0	0	0	0	0	0	0	
97	0	0	0	0	0	0	0	0	0	754.362	0	0	0	0	0	0	0	0	0	0	0	
98	0	0	0	0	0	0	0	0	0	754.362	0	0	0	0	0	0	0	0	0	0	0	
99	0	0	0	0	0	0	0	0	0	754.362	0	0	0	0	0	0	0	0	0	0	0	
100	0	0	0	0	0	0	0	0	0	754.362	0	0	0	0	0	0	0	0	0	0	0	
101	0	0	0	0	0	0	0	0	0	754.362	0	0	0	0	0	0	0	0	0	0	0	
102	0	0	0	0	0	0	0	0	0	754.362	0	0	0	0	0	0	0	0	0	0	0	
103	0	0	0	0	0	0	0	0	0	754.362	0	0	0	0	0	0	0	0	0	0	0	
104	0	0	0	0	0	0	0	0	0	754.362	0	0	0	0	0	0	0	0	0	0	0	
105	0	0	0	0	0	0	0	0	0	754.362	0	0	0	0	0	0	0	0	0	0	0	
106	0	0	0	0	0	0	0	0	0	754.362	0	0	0	0	0	0	0	0	0	0	0	
107	0	0	0	0	0	0	0	0	0	754.362	0	0	0	0	0	0	0	0	0	0	0	
108	0	0	0	0	0	0	0	0	0	754.362	0	0	0	0	0	0	0	0	0	0	0	
109	0	0	0	0	0	0	0	0	0	754.362	0	0	0	0	0	0	0	0	0	0	0	
110	0	0	0	0	0	0	0	0	0	754.362	0	0	0	0	0	0	0	0	0	0	0	
111	0	0	0	0	0	0	0	0	0	754.362	0	0	0	0	0	0	0	0	0	0	0	
112	0	0	0	0	0	0	0	0	0	754.362	0	0	0	0	0	0	0	0	0	0	0	
113	0	0	0	0	0	0	0	0	0	754.362	0	0	0	0	0	0	0	0	0	0	0	
114	0	0	0	0	0	0	0	0	0	754.362	0	0	0	0	0	0	0	0	0	0	0	
115	0	0	0	0	0	0	0	0	0	754.362	0	0	0	0	0	0	0	0	0	0	0	
116	0	0	0	0	0	0	0	0	0	754.362	0	0	0	0	0	0	0	0	0	0	0	
117	0	0	0	0	0	0	0	0	0	754.362	0	0	0	0	0	0	0	0	0	0	0	
118	0	0	0	0	0	0	0	0	0	754.362	0	0	0	0	0	0	0	0	0	0	0	
119	0	0	0	0	0	0	0	0	0	754.362	0	0	0	0	0	0	0	0	0	0	0	
120	0	0	0	0	0	0	0	0	0	754.362	0	0	0	0	0	0	0	0	0	0	0	
121	0	0	0	0	0	0	0	0	0	754.362	0	0	0	0	0	0	0	0	0	0	0	
122	0	0	0	0	0	0	0	0	0	754.362	0	0	0	0	0	0	0	0	0	0	0	
123	0	0	0	0	0	0	0	0	0	754.362	0	0	0	0	0	0	0	0	0	0	0	
124	0	0	0	0	0	0	0	0	0	754.362	0	0	0	0	0	0	0	0	0	0	0	
125	0	0	0	0	0	0	0	0	0	754.362	0	0	0	0	0	0	0	0	0	0	0	
126	0	0	0	0	0	0	0	0	0	754.362	0	0	0	0	0	0	0	0	0	0	0	
127	0	0	0	0	0	0	0	0	0	754.362	0	0	0	0	0	0	0	0	0	0	0	
128	0	0	0	0	0	0	0	0	0	754.362	0	0	0	0	0	0	0	0	0	0	0	
129	0	0	0	0	0	0	0	0	0	754.362	0	0	0	0	0	0	0	0	0	0	0	
130	0	0	0	0	0	0	0	0	0	0	0	0	0	0	0	0	0	0	0	0	0	
