Cell     E        W        N      S      C      Q
1	0	0	0	0	0	0
2	0	0	0	0	0	0
3	0	0	0	0	0	0
4	0	0	0	0	0	0
5	0	0	0	0	0	0
6	0	0	0	0	0	0
7	0	0	0	0	0	0
8	0	0	0	0	0	0
9	0	0	0	0	0	0
10	0	0	0	0	0	0
11	0	0	0	0	0	0
12	0.0838264	0	0.107333	0	-0.19116	-0.446104
13	0	0.0838264	0.0894444	0	-0.173271	-0.371753
14	0	0	0	0	0	0
15	0	0	0	0	0	0
16	0	0	0	0	0	0
17	0	0	0.0876556	0	-0.0876556	-0.383493
18	0	0	0	0	0	0
19	0	0	0	0	0	0
20	0	0	0	0	0	0
21	0	0	0	0	0	0
22	0	0	0	0	0	0
23	0	0	0	0	0	0
24	0	0	0	0	0	0
25	0	0	0	0	0	0
26	0	0	0	0	0	0
27	0	0	0	0	0	0
28	0	0	0	0	0	0
29	0	0	0	0	0	0
30	0	0	0	0	0	0
31	0	0	0	0	0	0
32	0	0	0	0	0	0
33	0	0	0	0	0	0
34	0	0	0	0	0	0
35	0	0	0	0	0	0
36	0	0	0	0	0	0
37	0	0	0	0	0	0
38	0	0	0	0	0	0
39	0	0	0	0	0	0
40	0	0	0	0	0	0
41	0	0	0	0	0	0
42	0	0	0	0	0	0
43	0	0	0	0	0	0
44	0	0	0	0	0	0
45	0	0	0	0	0	0
46	0.209566	0	0.134567	0	-0.344133	-0.513452
47	0.209566	0.209566	0.248908	0.107333	-0.775374	-1.17875
48	0.230523	0.209566	0.207423	0.0894444	-0.736957	-0.944088
49	0.271203	0.230523	0.207423	0	-0.709149	-0.408365
50	0.242656	0.271203	0.145196	0	-0.659055	-0.285855
51	0.183501	0.242656	0.248908	0	-0.675064	0.0143078
52	0.156952	0.183501	0.186845	0.0876556	-0.614953	-0.312067
53	0.0945734	0.156952	0.218672	0	-0.470197	-1.36399
54	0	0.0945734	0.124689	0	-0.219263	0.80972
55	0	0	0	0	0	0
56	0	0	0	0	0	0
57	0	0	0	0	0	0
58	0	0	0	0	0	0
59	0	0	0	0	0	0
60	0	0	0	0	0	0
61	0	0	0	0	0	0
62	0	0	0	0	0	0
63	0	0	0	0	0	0
64	0	0	0	0	0	0
65	0	0	0	0	0	0
66	0	0	0	0	0	0
67	0	0	0	0	0	0
68	0	0	0	0	0	0
69	0	0	0	0	0	0
70	0	0	0	0	0	0
71	0	0	0	0	0	0
72	0	0	0	0	0	0
73	0	0	0	0	0	0
74	0	0	0	0	0	0
75	0	0	0	0	0	0
76	0.327855	0	0.0713668	0	-0.399221	-0.265395
77	0.2254	0.327855	0.0594723	0	-0.612727	-0.221163
78	0.2254	0.2254	0.130839	0	-0.581639	-0.486558
79	0.368	0.2254	0.0594723	0	-0.652872	-1.02616
80	0.49	0.368	0.0847773	0	-0.942777	0.110323
81	0.626111	0.49	0.240579	0.134567	-1.49126	-1.87024
82	0.614727	0.626111	0.400006	0.248908	-1.88975	0.361632
83	0.6762	0.614727	0.36693	0.207423	-1.86528	2.1873
84	0.795529	0.6762	0.423887	0.207423	-2.10304	-0.788232
85	0.711789	0.795529	0.296721	0.145196	-1.94924	1.77799
86	0.601067	0.711789	0.508664	0.248908	-2.07043	-5.46513
87	0.518161	0.601067	0.445081	0.186845	-1.75115	-545.872
88	0.385299	0.518161	0.484267	0.218672	-1.6064	2.92438
89	0.36064	0.385299	0.409773	0.124689	-1.2804	-3.06907
90	0.25517	0.36064	0.0994412	0	-0.715251	1.61061
91	0	0.25517	0.0731027	0	-0.328273	-2.17843
92	0	0	0	0	0	0
93	0	0	0	0	0	0
94	0	0	0	0	0	0
95	0	0	0	0	0	0
96	0	0	0	0	0	0
97	0	0	0	0	0	0
98	0	0	0	0	0	0
99	0	0	0	0	0	0
100	0	0	0	0	0	0
101	0	0	0	0	0	0
102	0	0	0	0	0	0
103	0	0	0	0	0	0
104	0	0	0	0	0	0
105	0	0	0	0	0	0
106	0	0	0	0	0	0
107	0.336482	0	0.10977	0	-0.446253	-0.21611
108	0.319658	0.336482	0.148615	0	-0.804756	-1.57701
109	0.399573	0.319658	0.160047	0	-0.879278	0.261503
110	0.719951	0.399573	0.331692	0	-1.45122	-5.69178
111	1.21083	0.719951	0.168501	0.0713668	-2.17064	2.63108
112	0.832443	1.21083	0.140417	0.0594723	-2.24316	-0.301014
113	0.832443	0.832443	0.317872	0.130839	-2.1136	-301.252
114	1.24312	0.832443	0.144487	0.0594723	-2.27952	1.83425
115	1.27137	1.24312	0.179069	0.0847773	-2.77833	-17.6089
116	1.1188	1.27137	0.364108	0.240579	-2.99486	15.4963
117	1.1188	1.1188	0.610761	0.400006	-3.24837	3.87474
118	1.67821	1.1188	0.599446	0.36693	-3.76338	26.1151
119	2.46795	1.67821	0.75533	0.423887	-5.32537	-44.6825
120	2.20817	2.46795	0.528731	0.296721	-5.50157	7.39239
121	1.86467	2.20817	0.906396	0.508664	-5.4879	-4.72425
122	1.78532	1.86467	0.793096	0.445081	-4.88817	-6.08095
123	1.61366	1.78532	0.981929	0.484267	-4.86518	-14.563
124	1.86883	1.61366	0.981929	0.409773	-4.87419	12.8366
125	1.80598	1.86883	0.343831	0.0994412	-4.11808	-1007.21
126	0.852422	1.80598	0.3295	0.0731027	-3.061	4.15936
127	0	0.852422	0.238659	0	-1.09108	-4.47511
128	0	0	0	0	0	0
129	0	0	0	0	0	0
130	0	0	0	0	0	0
131	0	0	0	0	0	0
132	0	0	0	0	0	0
133	0	0	0	0	0	0
134	0	0	0	0	0	0
135	0	0	0	0	0	0
136	0	0	0	0	0	0
137	0	0	0	0	0	0
138	0	0	0	0	0	0
139	0	0	0	0	0	0
140	0	0	0	0	0	0
141	0	0	0	0	0	0
142	0.617521	0	0.201213	0.10977	-0.928505	-2.17136
143	0.913309	0.617521	0.370521	0.148615	-2.04997	3.87093
144	1.95347	0.913309	0.47717	0.160047	-3.50399	-10.2997
145	3.47843	1.95347	1.47946	0.331692	-7.24305	9.2167
146	2.22792	3.47843	0.341542	0.168501	-6.21639	0.25305
147	1.62084	2.22792	0.29056	0.140417	-4.27974	-2.56854
148	1.66489	1.62084	0.701717	0.317872	-4.30532	0.165393
149	2.42165	1.66489	0.330344	0.144487	-4.56137	5.10948
150	2.27399	2.42165	0.387631	0.179069	-5.26234	4.17643
151	2.24451	2.27399	0.646198	0.364108	-5.52881	-1.83529
152	2.40154	2.24451	1.2397	0.610761	-6.49652	-1701.43
153	2.64623	2.40154	1.09326	0.599446	-6.74047	5.13298
154	3.05556	2.64623	1.09883	0.75533	-7.55594	0.0691185
155	2.73392	3.05556	0.779279	0.528731	-7.09748	1.76512
156	2.30864	2.73392	1.33591	0.906396	-7.28486	3.02592
157	2.2104	2.30864	1.18335	0.793096	-6.49549	2.61612
158	1.99786	2.2104	1.4651	0.981929	-6.65529	3.239
159	2.73392	1.99786	1.4651	0.981929	-7.17881	14.1089
160	3.69004	2.73392	0.6762	0.343831	-7.44399	-13.1992
161	2.40741	3.69004	0.715514	0.3295	-7.14247	-2100.86
162	1.16207	2.40741	0.667954	0.238659	-4.47609	5.23691
163	0.951364	1.16207	0.287275	0	-2.40071	-3.30296
164	0.951364	0.951364	0.221798	0	-2.12453	-0.630738
165	0.832443	0.951364	0.287275	0	-2.07108	-2.39531
166	0.832443	0.832443	0.287275	0	-1.95216	-0.314206
167	0.832443	0.832443	0.283225	0	-1.94811	-0.309777
168	0.739949	0.832443	0.278584	0	-1.85098	-1.52351
169	0.717182	0.739949	0.228253	0	-1.68538	-2.81709
170	0.78789	0.717182	0.147343	0	-1.65241	1.08537
171	0.399573	0.78789	0.106209	0	-1.29367	1.3764
172	0	0.399573	0.0382034	0	-0.437776	-2.05734
173	0	0	0	0	0	0
174	0	0	0	0	0	0
175	0	0	0	0	0	0
176	0	0	0	0	0	0
177	0.509504	0	0.388815	0.201213	-1.09953	-1.93873
178	0.622924	0.509504	0.601067	0.370521	-2.10401	-0.720148
179	0.743261	0.622924	0.713767	0.47717	-2.55712	3.03091
180	1.05234	0.743261	0.778655	1.47946	-4.05372	3.4727
181	1.66444	1.05234	0.506125	0.341542	-3.56445	0.507458
182	1.29307	1.66444	0.485259	0.29056	-3.73332	-902.656
183	1.40186	1.29307	1.20585	0.701717	-4.60249	3.31323
184	2.13826	1.40186	0.648025	0.330344	-4.51849	-0.361314
185	1.56884	2.13826	0.71001	0.387631	-4.80474	-0.423971
186	1.13784	1.56884	0.9016	0.646198	-4.25447	-0.141356
187	1.11813	1.13784	1.48764	1.2397	-4.9833	0
188	1.34256	1.11813	1.42131	1.09326	-4.97526	0
189	1.67078	1.34256	1.4651	1.09883	-5.57727	2.40368
190	1.52873	1.67078	1.06501	0.779279	-5.0438	1.70467
191	1.31281	1.52873	1.82574	1.33591	-6.00318	2.9223
192	1.28177	1.31281	1.46179	1.18335	-5.23971	1.62928
193	1.15852	1.28177	2.05114	1.4651	-5.95654	5.73918
194	1.58535	1.15852	2.08957	1.4651	-6.29854	4.40163
195	2.31705	1.58535	1.10999	0.6762	-5.68859	-15.6466
196	1.43436	2.31705	0.9947	0.715514	-5.46163	1.92318
197	1.1188	1.43436	0.930596	0.667954	-4.15172	0.994306
198	1.43436	1.1188	0.818266	0.287275	-3.65871	6.68395
199	1.43436	1.43436	0.731099	0.221798	-3.82162	-3.82289
200	1.16542	1.43436	0.797132	0.287275	-3.68419	-8.82105
201	1.1188	1.16542	0.781387	0.287275	-3.35289	-3.10436
202	1.029	1.1188	0.752137	0.283225	-3.18317	-7.4827
203	0.939167	1.029	0.720273	0.278584	-2.96702	6.02538
204	0.925396	0.939167	0.672836	0.228253	-3.59724	-10.394
205	0.993021	0.925396	0.422026	0.147343	-2.48779	0.266247
206	0.737673	0.993021	0.302776	0.106209	-2.13968	0.42759
207	0.273212	0.737673	0.204909	0.0382034	-1.254	0.291279
208	0	0.273212	0.234792	0	-0.508004	0.179295
209	0	0	0	0	0	0
210	0	0	0	0	0	0
211	0	0	0	0	0	0
212	0.58229	0	0.409279	0.388815	-1.84856	-2343.12
213	0.711913	0.58229	0.693538	0.601067	-2.58881	-0.637766
214	0.782731	0.711913	0.823577	0.713767	-3.03199	1.43338
215	1.01278	0.782731	0.832246	0.778655	-3.40641	1.59132
216	1.68347	1.01278	0.406838	0.506125	-3.60921	0.235709
217	1.40258	1.68347	0.521108	0.485259	-4.09241	-3.12959
218	1.54388	1.40258	1.30217	1.20585	-5.45448	3.04618
219	2.44373	1.54388	0.691712	0.648025	-5.32735	0
220	1.79295	2.44373	0.803785	0.71001	-5.75048	0
221	1.30038	1.79295	1.09525	0.9016	-5.09019	0
222	1.33023	1.30038	1.68564	1.48764	-5.80389	0
223	1.61049	1.33023	1.5284	1.42131	-5.89043	0
224	1.90946	1.61049	1.42831	1.4651	-6.41336	-0.937329
225	1.74712	1.90946	1.11	1.06501	-7.52695	-3391.43
226	1.34632	1.74712	2.01915	1.82574	-6.93833	-1.32521
227	1.31769	1.34632	1.50777	1.46179	-5.63358	2.70756
228	1.34726	1.31769	2.12458	2.05114	-8.47209	-1369.7
229	2.03738	1.34726	2.41801	2.08957	-7.89222	-11.2975
230	2.69088	2.03738	1.31567	1.10999	-7.15393	-7.61233
231	1.56845	2.69088	1.0416	0.9947	-6.29563	4.57302
232	1.359	1.56845	1.09232	0.930596	-4.95036	0.332417
233	1.78081	1.359	0.979443	0.818266	-6.1095	-1050.47
234	1.72603	1.78081	0.798761	0.731099	-5.0367	4.97073
235	1.35704	1.72603	0.936277	0.797132	-4.81648	-3.30879
236	1.33191	1.35704	0.914629	0.781387	-4.38496	1.41782
237	1.33191	1.33191	0.914629	0.752137	-4.33058	1.28985
238	1.30579	1.33191	0.9016	0.720273	-4.25957	-1.97225
239	1.38282	1.30579	0.853249	0.672836	-4.2147	-1.86648
240	1.48888	1.38282	0.541781	0.422026	-3.83551	-1.74787
241	1.38856	1.48888	0.35149	0.302776	-3.53171	-0.900716
242	0.524567	1.38856	0.297698	0.204909	-2.41573	-0.756836
243	0.273212	0.524567	0.28175	0.234792	-1.31432	-0.331846
244	0	0.273212	0.110723	0	-0.383935	-0.182441
245	0	0	0	0	0	0
246	0	0	0	0	0	0
247	0.319519	0	0.253346	0.409279	-0.982144	-1.08421
248	0.444945	0.319519	0.611705	0.693538	-2.06971	-1.03509
249	0.489207	0.444945	0.919013	0.823577	-2.67674	0.89586
250	0.484855	0.489207	0.94651	0.832246	-2.75282	2.93168
251	0.674995	0.484855	0.438804	0.406838	-2.00549	0.466788
252	0.784609	0.674995	0.544621	0.521108	-2.52533	-0.181707
253	0.846555	0.784609	1.31933	1.30217	-4.25266	6.38649
254	1.36446	0.846555	0.64239	0.691712	-3.54512	2.85512
255	1.18613	1.36446	0.84525	0.803785	-4.19963	3.69797
256	0.835904	1.18613	1.12324	1.09525	-4.24054	4.42277
257	0.717182	0.835904	1.58005	1.68564	-4.81877	-0.691272
258	0.719362	0.717182	1.09065	1.5284	-4.05559	-1.66497
259	0.854147	0.719362	1.14128	1.42831	-4.1431	0.910098
260	0.930339	0.854147	0.87754	1.11	-3.77203	0.75154
261	0.783598	0.930339	1.67994	2.01915	-5.41303	-1.41062
262	0.706282	0.783598	1.8922	1.50777	-4.88985	2.41241
263	0.720741	0.706282	1.93448	2.12458	-5.48609	0.290622
264	1.13239	0.720741	1.93639	2.41801	-6.20753	12.0416
265	1.45867	1.13239	1.0859	1.31567	-4.99264	0.40761
266	0.966987	1.45867	1.10446	1.0416	-4.57173	2.81271
267	0.843743	0.966987	1.03274	1.09232	-3.93579	2.36069
268	1.00854	0.843743	0.821216	0.979443	-3.65294	6.01596
269	0.987955	1.00854	0.547722	0.798761	-3.34297	-0.219847
270	0.86446	0.987955	1.0143	0.936277	-3.80299	-10.6509
271	0.86446	0.86446	1.0711	0.914629	-3.71465	1.78303
272	0.84815	0.86446	1.00103	0.914629	-3.62827	0.0299753
273	0.799145	0.84815	0.931454	0.9016	-3.48035	-0.0653063
274	0.793196	0.799145	0.856196	0.853249	-3.30179	-0.353469
275	0.764994	0.793196	0.584343	0.541781	-2.68431	-1.97725
276	0.637495	0.764994	0.354562	0.35149	-2.10854	1.16756
277	0.209396	0.637495	0.297698	0.297698	-1.44229	0.624725
278	0.122334	0.209396	0.316969	0.28175	-0.930449	0.681178
279	0	0.122334	0.148499	0.110723	-0.381555	0.268967
280	0	0	0	0	0	0
281	0	0	0	0	0	0
282	0.26131	0	0.103588	0.253346	-0.618243	-0.996148
283	0.523657	0.26131	0.360014	0.611705	-1.75669	1.28715
284	0.732963	0.523657	0.543133	0.919013	-2.71877	4.01717
285	0.948344	0.732963	0.595641	0.94651	-3.22346	0.659306
286	1.47005	0.948344	0.37441	0.438804	-3.23161	1.14203
287	1.11805	1.47005	0.343416	0.544621	-3.47614	-0.312854
288	1.15797	1.11805	0.938492	1.31933	-4.53385	-1.87544
289	1.84855	1.15797	0.447347	0.64239	-4.09626	-0.935828
290	1.45461	1.84855	0.539932	0.84525	-4.68834	-3.67574
291	0.95044	1.45461	0.613608	1.12324	-4.1419	-7.00497
292	0.745869	0.95044	0.904626	1.58005	-5.20573	-1322.46
293	0.767218	0.745869	0.626111	1.09065	-3.22984	4.42161
294	0.987243	0.767218	0.568132	1.14128	-3.46388	0.499312
295	0.961096	0.987243	0.402843	0.87754	-3.22872	0.594164
296	1.03624	0.961096	0.829539	1.67994	-4.50681	2.07082
297	1.09623	1.03624	0.835261	1.8922	-4.85993	-5.90765
298	0.798512	1.09623	0.946008	1.93448	-4.77524	-1.31097
299	1.10964	0.798512	0.905211	1.93639	-5.80206	-1192.25
300	1.92187	1.10964	0.329647	1.0859	-4.44706	-3.60565
301	1.17548	1.92187	0.556871	1.10446	-4.75868	-0.851765
302	0.869242	1.17548	0.54096	1.03274	-3.61842	1.29022
303	0.903649	0.869242	0.415616	0.821216	-3.00972	4.48486
304	1.07577	0.903649	0.267181	0.547722	-2.79433	-3.50415
305	1.26787	1.07577	0.357988	1.0143	-3.71594	3.38206
306	1.25296	1.26787	0.337503	1.0711	-3.92944	1.38841
307	1.127	1.25296	0.33022	1.00103	-3.71121	1.29083
308	1.029	1.127	0.323928	0.931454	-3.41138	1.2212
309	1.127	1.029	0.317872	0.856196	-3.33007	-4.79606
310	1.22548	1.127	0.238404	0.584343	-3.17522	15.2335
311	1.07099	1.22548	0.230336	0.354562	-2.88136	-9.8837
312	0.488459	1.07099	0.198882	0.297698	-2.05603	-1.32809
313	0.325273	0.488459	0.261755	0.316969	-1.39246	-0.430041
314	0	0.325273	0.102621	0.148499	-0.576393	0.0711535
315	0	0	0	0	0	0
316	0	0	0	0	0	0
317	0.306078	0	0	0.103588	-0.409666	0.223524
318	0.754065	0.306078	0.155526	0.360014	-1.57568	-4.30794
319	0.954635	0.754065	0.333926	0.543133	-2.58576	3.0555
320	1.2934	0.954635	0.431218	0.595641	-3.2749	-1.47835
321	2.03054	1.2934	0.245187	0.37441	-3.94354	-0.225537
322	1.80263	2.03054	0.236173	0.343416	-4.41276	0.114351
323	2.03933	1.80263	0.746439	0.938492	-5.52689	-9.49111
324	2.95838	2.03933	0.3675	0.447347	-5.81256	3.94333
325	2.00494	2.95838	0.45647	0.539932	-7.11189	-1152.75
326	1.29605	2.00494	0	0.613608	-3.9146	0.814735
327	1.10302	1.29605	0	0.904626	-3.3037	-7.7558
328	1.00178	1.10302	0	0.626111	-2.73091	-4.70915
329	1.06071	1.00178	0	0.568132	-2.63062	4.38278
330	1.08627	1.06071	0	0.402843	-2.54981	0
331	1.00178	1.08627	0	0.829539	-2.91758	0.181462
332	0.959149	1.00178	0.18394	0.835261	-2.98013	0.192596
333	0.866923	0.959149	0.227736	0.946008	-2.99982	-3.82392
334	1.02033	0.866923	0.227736	0.905211	-3.0202	1.39234
335	1.45847	1.02033	0.207	0.329647	-3.01545	-1.41478
336	1.35858	1.45847	0.321404	0.556871	-3.69532	-4.79073
337	1.09328	1.35858	0.411962	0.54096	-3.40478	-3.42968
338	1.15705	1.09328	0.365385	0.415616	-3.03133	-3.21107
339	0.953615	1.15705	0.234891	0.267181	-2.61274	5.38549
340	0.737917	0.953615	0.280687	0.357988	-2.77362	-603.348
341	0.704375	0.737917	0.237263	0.337503	-2.01706	0.442973
342	0.704375	0.704375	0.119681	0.33022	-1.85865	-1.15977
343	0.704375	0.704375	0	0.323928	-1.73268	1.06289
344	0.805	0.704375	0	0.317872	-1.82725	1.51824
345	1.17746	0.805	0	0.238404	-2.63236	-2.70255
346	1.45643	1.17746	0.0588731	0.230336	-2.9231	4.52106
347	0.6762	1.45643	0.0573051	0.198882	-2.38882	1.27924
348	0.375667	0.6762	0.104837	0.261755	-1.41846	-1.49827
349	0.166963	0.375667	0.0418885	0.102621	-0.85006	-3.19432
350	0	0.166963	0.0213537	0	-0.188317	0.0310062
351	0	0	0	0	0	0
352	0	0	0	0	0	0
353	0.17883	0	0.00139942	0.155526	-0.335755	-0.194545
354	0.3867	0.17883	0.0626111	0.333926	-0.962067	-2.95118
355	0.557741	0.3867	0.238537	0.431218	-1.6142	-440.673
356	0.8062	0.557741	0.158484	0.245187	-1.76761	-2.46106
357	0.797484	0.8062	0.154292	0.236173	-1.99415	1.75099
358	0.951836	0.797484	0.543682	0.746439	-3.03944	-1.44399
359	1.60439	0.951836	0.358245	0.3675	-3.28198	-1.49244
360	0	1.60439	0.509162	0.45647	-2.57003	-1.48627
361	0	0	0	0	0	0
362	0	0	0	0	0	0
363	0	0	0	0	0	0
364	0	0	0	0	0	0
365	0	0	0	0	0	0
366	0	0	0	0	0	0
367	0.104634	0	0	0.18394	-0.288575	0.628622
368	0.0945734	0.104634	0	0.227736	-0.543473	-183.648
369	0.166143	0.0945734	0	0.227736	-0.488452	1.91592
370	0.662941	0.166143	0	0.207	-1.03608	1.78384
371	0.621793	0.662941	0	0.321404	-1.60614	3.29983
372	0.682292	0.621793	0.360689	0.411962	-2.07674	3.71923
373	0.841493	0.682292	0.400518	0.365385	-2.28969	10.1392
374	0.7728	0.841493	0.300389	0.234891	-2.14957	-7.11328
375	0.582931	0.7728	0.37191	0.280687	-2.00833	3.58941
376	0.236434	0.582931	0.28175	0.237263	-1.33838	-2.52625
377	0	0.236434	0.115098	0.119681	-0.471213	0.180978
378	0	0	0	0	0	0
379	0	0	0	0	0	0
380	0	0	0	0	0	0
381	0.163927	0	0	0.0588731	-0.2228	-0.103028
382	0.109285	0.163927	0	0.0573051	-0.330517	0.490657
383	0.0756587	0.109285	0	0.104837	-0.289781	-0.511222
384	0.0756587	0.0756587	0	0.0418885	-0.193206	0.133895
385	0	0.0756587	0	0.0213537	-0.0970124	0.0420401
386	0	0	0	0	0	0
387	0.000862775	0	0	0	-0.000862775	-0.00188732
388	0.00160713	0.000862775	0	0.00139942	-0.00386933	0.00249957
389	0.067832	0.00160713	0.028175	0.0626111	-0.160225	-0.00228842
390	0.265828	0.067832	0.0735	0.238537	-0.645697	0.52855
391	0.475251	0.265828	0.10143	0.158484	-1.00099	-0.526519
392	0.487542	0.475251	0.116937	0.154292	-1.23402	2.12156
393	0.684132	0.487542	0.318582	0.543682	-2.03394	-497.188
394	1.71221	0.684132	0.172169	0.358245	-2.92676	0.379492
395	0.446145	1.71221	0.317106	0.509162	-2.98463	-1.16857
396	0.204909	0.446145	0.19183	0	-0.842883	2.34991
397	0	0.204909	0	0	-0.204909	-1.34472
398	0	0	0	0	0	0
399	0	0	0	0	0	0
400	0	0	0	0	0	0
401	0	0	0	0	0	0
402	0	0	0	0	0	0
403	0	0	0	0	0	0
404	0	0	0	0	0	0
405	0	0	0	0	0	0
406	0	0	0	0	0	0
407	0.544225	0	0.291885	0.360689	-1.1968	0.1341
408	0.8232	0.544225	0.373779	0.400518	-2.14172	7.26987
409	0.8232	0.8232	0.331639	0.300389	-2.27843	-10.6033
410	0.582931	0.8232	0.407573	0.37191	-2.18561	0.819752
411	0.399823	0.582931	0.290839	0.28175	-1.55534	-3.78269
412	0	0.399823	0.138708	0.115098	-0.653628	0.0319412
413	0	0	0	0	0	0
414	0	0	0	0	0	0
415	0	0	0	0	0	0
416	0	0	0	0	0	0
417	0	0	0	0	0	0
418	0	0	0	0	0	0
419	0	0	0	0	0	0
420	0	0	0	0	0	0
421	0	0	0	0	0	0
422	0	0	0	0	0	0
423	0	0	0	0	0	0
424	0.0204909	0	0	0.028175	-0.0486659	-0.0571504
425	0.0512273	0.0204909	0	0.0735	-0.145218	-0.298761
426	0.202102	0.0512273	0.0153682	0.10143	-0.370128	-0.461686
427	0.184418	0.202102	0.0250444	0.116937	-0.528502	-0.772876
428	0.184418	0.184418	0.099176	0.318582	-0.786594	-3.21373
429	0.343104	0.184418	0.04508	0.172169	-0.744771	0.796428
430	0.351273	0.343104	0.0588	0.317106	-1.07028	-0.466163
431	0	0.351273	0.0784	0.19183	-0.621503	-0.471078
432	0	0	0	0	0	0
433	0	0	0	0	0	0
434	0	0	0	0	0	0
435	0	0	0	0	0	0
436	0	0	0	0	0	0
437	0	0	0	0	0	0
438	0	0	0	0	0	0
439	0	0	0	0	0	0
440	0	0	0	0	0	0
441	0.214596	0	0	0	-0.214596	0.0469428
442	0.27863	0.214596	0.0242221	0.291885	-0.809333	0.00897574
443	0.472867	0.27863	0.233172	0.373779	-1.35845	0.0222406
444	0.526909	0.472867	0.3381	0.331639	-1.66952	6.58141
445	0.368836	0.526909	0.491782	0.407573	-1.7951	1.01088
446	0.167653	0.368836	0.2576	0.290839	-1.08493	-0.783774
447	0	0.167653	0.100178	0.138708	-0.406538	-1.48443
448	0	0	0	0	0	0
449	0	0	0	0	0	0
450	0	0	0	0	0	0
451	0	0	0	0	0	0
452	0	0	0	0	0	0
453	0	0	0	0	0	0
454	0	0	0	0	0	0
455	0	0	0	0	0	0
456	0	0	0	0	0	0
457	0	0	0	0	0	0
458	0	0	0	0	0	0
459	0	0	0	0	0	0
460	0	0	0	0	0	0
461	0.00964278	0	0	0.0153682	-0.025011	0.00883294
462	0.0156121	0.00964278	0	0.0250444	-0.0502993	-0.0649339
463	0.0204909	0.0156121	0	0.099176	-0.135279	0.523893
464	0.029805	0.0204909	0	0.04508	-0.0953759	0.00986125
465	0.0234182	0.029805	0	0.0588	-0.112023	0.0385875
466	0	0.0234182	0	0.0784	-0.101818	0.05145
467	0	0	0	0	0	0
468	0	0	0	0	0	0
469	0	0	0	0	0	0
470	0	0	0	0	0	0
471	0	0	0	0	0	0
472	0	0	0	0	0	0
473	0	0	0	0	0	0
474	0	0	0	0	0	0
475	0	0	0	0	0	0
476	0	0	0	0	0	0
477	0.00859758	0	0	0.0242221	-0.0328197	0.0914502
478	0.119947	0.00859758	0.03381	0.233172	-0.395527	0.567937
479	0.258833	0.119947	0.0751333	0.3381	-0.792013	-2.28743
480	0.144642	0.258833	0.131941	0.491782	-1.0272	-0.754869
481	0.0585455	0.144642	0.09016	0.2576	-0.550947	1.22691
482	0	0.0585455	0	0.100178	-0.158723	0.854642
483	0	0	0	0	0	0
484	0	0	0	0	0	0
485	0	0	0	0	0	0
486	0	0	0	0	0	0
487	0	0	0	0	0	0
488	0	0	0	0	0	0
489	0	0	0	0	0	0
490	0	0	0	0	0	0
491	0	0	0	0	0	0
492	0	0	0	0	0	0
493	0	0	0	0	0	0
494	0	0	0	0	0	0
495	0	0	0	0	0	0
496	0	0	0	0	0	0
497	0	0	0	0	0	0
498	0	0	0	0	0	0
499	0	0	0	0	0	0
500	0	0	0	0	0	0
501	0	0	0	0	0	0
502	0	0	0	0	0	0
503	0	0	0	0	0	0
504	0	0	0	0	0	0
505	0	0	0	0	0	0
506	0	0	0	0	0	0
507	0	0	0	0	0	0
508	0	0	0	0	0	0
509	0	0	0	0	0	0
510	0	0	0	0	0	0
511	0	0	0	0	0	0
512	0	0	0	0	0	0
513	0.0307364	0	0	0.03381	-0.0645464	0.169434
514	0.0768409	0.0307364	0.00994412	0.0751333	-0.192655	0.271602
515	0.0658636	0.0768409	0.0346769	0.131941	-0.309323	20.8085
516	0	0.0658636	0.0132588	0.09016	-0.169282	-0.346835
517	0	0	0	0	0	0
518	0	0	0	0	0	0
519	0	0	0	0	0	0
520	0	0	0	0	0	0
521	0	0	0	0	0	0
522	0	0	0	0	0	0
523	0	0	0	0	0	0
524	0	0	0	0	0	0
525	0	0	0	0	0	0
526	0	0	0	0	0	0
527	0	0	0	0	0	0
528	0	0	0	0	0	0
529	0	0	0	0	0	0
530	0	0	0	0	0	0
531	0	0	0	0	0	0
532	0	0	0	0	0	0
533	0	0	0	0	0	0
534	0	0	0	0	0	0
535	0	0	0	0	0	0
536	0	0	0	0	0	0
537	0	0	0	0	0	0
538	0	0	0	0	0	0
539	0	0	0	0	0	0
540	0	0	0	0	0	0
541	0	0	0	0	0	0
542	0	0	0	0	0	0
543	0	0	0	0	0	0
544	0	0	0	0	0	0
545	0	0	0	0	0	0
546	0	0	0	0	0	0
547	0	0	0	0	0	0
548	0	0	0	0	0	0
549	0.014186	0	0	0.00994412	-0.0241301	0.0323097
550	0.0115261	0.014186	0	0.0346769	-0.0603891	0.0721923
551	0	0.0115261	0	0.0132588	-0.024785	0.0978544
552	0	0	0	0	0	0
553	0	0	0	0	0	0
554	0	0	0	0	0	0
555	0	0	0	0	0	0
556	0	0	0	0	0	0
557	0	0	0	0	0	0
558	0	0	0	0	0	0
559	0	0	0	0	0	0
560	0	0	0	0	0	0
